1 0.7410078124999999 0.16850925925925928 0.019515624999999998 0.02775925925925926
1 0.8235807291666667 0.24504166666666666 0.03153645833333333 0.034527777777777775
2 0.7697604166666667 0.25549074074074074 0.0155625 0.04616666666666667
2 0.6972447916666666 0.2754027777777778 0.013239583333333334 0.041546296296296296
1 0.8119453125 0.30762962962962964 0.055140625000000006 0.06155555555555556
1 0.8145911458333334 0.33401851851851855 0.068765625 0.07914814814814815
2 0.631109375 0.35482870370370373 0.026802083333333334 0.06521296296296297
1 0.5134140625 0.392125 0.11016145833333332 0.1268425925925926
1 0.8035885416666667 0.4577824074074074 0.08946875 0.17112037037037037
2 0.6994609374999999 0.5361851851851852 0.035380208333333336 0.07051851851851852
2 0.647640625 0.5456296296296296 0.047364583333333335 0.09496296296296297
1 0.4843828125 0.557324074074074 0.187515625 0.2590925925925926