1 0.5465950413223141 0.13251861042183624 0.028727272727272726 0.016898263027295284
1 0.625404958677686 0.16089950372208436 0.03428099173553719 0.026513647642679904
3 0.3334297520661157 0.1873697270471464 0.051983471074380165 0.044714640198511166
3 0.532603305785124 0.19917493796526053 0.06024793388429753 0.0633622828784119
1 0.6406611570247934 0.22759925558312655 0.05487603305785124 0.038325062034739454
1 0.7543884297520661 0.28031017369727046 0.07406611570247934 0.05689826302729528
1 0.45236363636363636 0.28547766749379655 0.08158677685950413 0.054826302729528535
1 0.6163140495867768 0.3008870967741935 0.08221487603305785 0.05834987593052109
1 0.45552892561983477 0.45203473945409434 0.15733884297520662 0.10754342431761788
1 0.15629752066115704 0.5191253101736973 0.2134214876033058 0.1648014888337469
1 0.396495867768595 0.6685049627791564 0.2475371900826446 0.1906079404466501
1 0.5431570247933885 0.10014267990074442 0.02515702479338843 0.016662531017369725
1 0.5244462809917356 0.11110421836228287 0.020793388429752067 0.013771712158808933
1 0.490198347107438 0.11507444168734492 0.018413223140495868 0.014267990074441687