1 0.3367190082644628 0.13274813895781637 0.08170247933884298 0.05954094292803971
2 0.242801652892562 0.1525620347394541 0.029404958677685947 0.03713399503722084
1 0.47700826446280986 0.15783498759305212 0.08459504132231405 0.06504962779156327
1 0.10757851239669423 0.1621774193548387 0.08623140495867769 0.06380893300248139
2 0.02146280991735537 0.17820099255583127 0.029702479338842975 0.03382133995037221
2 0.18398347107438018 0.18029776674937964 0.030776859504132233 0.04297766749379653
2 0.5204297520661157 0.2061290322580645 0.042512396694214874 0.052456575682382135
2 0.21902479338842973 0.271197270471464 0.05788429752066116 0.07093052109181142
2 0.4895702479338843 0.2931079404466501 0.04360330578512397 0.05271712158808933
1 0.3578842975206612 0.2980272952853598 0.14717355371900828 0.12955334987593053
2 0.04934710743801653 0.3958746898263027 0.05241322314049587 0.06966501240694789
1 0.6312396694214876 0.3971339950372209 0.23768595041322316 0.24588089330024815
2 0.1811404958677686 0.4019975186104218 0.07137190082644627 0.07198511166253102
1 0.3235867768595041 0.5783312655086849 0.24717355371900826 0.2211786600496278
1 0.2164710743801653 0.0778970223325062 0.04947107438016529 0.034205955334987596
2 0.8277768595041323 0.7802543424317617 0.10183471074380165 0.15852357320099256
1 0.23972727272727273 0.09909429280397022 0.05631404958677686 0.036898263027295285