1 0.7400104166666667 0.16982407407407407 0.020645833333333332 0.028537037037037038
1 0.8273515625000001 0.22344444444444445 0.03491145833333333 0.058
2 0.6985182291666666 0.25233796296296296 0.012661458333333332 0.04171296296296296
2 0.7362213541666667 0.277537037037037 0.017234375000000003 0.062481481481481485
2 0.7699661458333333 0.2914305555555556 0.018057291666666666 0.06434259259259259
1 0.8219973958333333 0.3181157407407407 0.053369791666666666 0.06030555555555555
3 0.6072083333333332 0.3912083333333333 0.14566666666666667 0.24352777777777776
1 0.7948541666666666 0.39161111111111113 0.10429166666666667 0.10174074074074074
1 0.8022994791666667 0.5307175925925925 0.12543229166666667 0.25217592592592597
2 0.6398307291666666 0.6144120370370371 0.04216145833333333 0.16400925925925924
2 0.4945364583333333 0.8651898148148148 0.09532291666666667 0.23408333333333334