1 0.7412369791666666 0.16823148148148148 0.019973958333333333 0.029055555555555553
1 0.8230885416666667 0.20873611111111112 0.028468749999999998 0.028583333333333336
1 0.8232786458333333 0.21762037037037038 0.03197395833333334 0.029685185185185186
2 0.7777005208333333 0.2355740740740741 0.012692708333333334 0.03411111111111111
1 0.6509609375000001 0.26408333333333334 0.086296875 0.0689074074074074
2 0.7461953124999999 0.32587962962962963 0.017390625 0.05731481481481481
1 0.816109375 0.33272685185185186 0.06971875000000001 0.08212037037037037
2 0.6481796875000001 0.3618888888888889 0.025526041666666666 0.06266666666666668
1 0.8024322916666667 0.45819444444444446 0.09028125000000001 0.17935185185185185
2 0.6420208333333334 0.5711574074074074 0.04029166666666666 0.08120370370370371
2 0.24587760416666665 0.875375 0.10321354166666666 0.19889814814814816