1 0.3122479338842975 0.16679338842975205 0.036082644628099174 0.04598347107438017
1 0.2556694214876033 0.1887603305785124 0.028677685950413225 0.02710743801652892
1 0.4335537190082645 0.20426446280991736 0.03404958677685951 0.03166942148760331
1 0.4492231404958677 0.24638016528925621 0.05877685950413224 0.05971900826446282
2 0.34942148760330577 0.252 0.02115702479338843 0.03125619834710744
2 0.25128925619834713 0.3003636363636364 0.02656198347107438 0.03872727272727273
2 0.1509090909090909 0.3026280991735537 0.030727272727272728 0.03998347107438017
1 0.4906280991735537 0.34431404958677686 0.09530578512396694 0.10021487603305786
1 0.20669421487603307 0.3831570247933884 0.09932231404958679 0.09852892561983471
2 0.3099669421487603 0.40821487603305784 0.028198347107438015 0.05277685950413223
2 0.44077685950413226 0.4992892561983471 0.04186776859504132 0.06636363636363636
2 0.6259504132231405 0.5721487603305785 0.04859504132231405 0.08315702479338843
2 0.0863801652892562 0.6161157024793389 0.047123966942148765 0.09505785123966942
1 0.37236363636363634 0.703801652892562 0.1992892561983471 0.3199834710743802
2 0.19484297520661156 0.7045785123966942 0.05910743801652892 0.10338842975206611
2 0.1258512396694215 0.8536363636363637 0.06325619834710744 0.1403305785123967
2 0.5837685950413223 0.9185950413223141 0.1088595041322314 0.1628099173553719