1 0.40796694214876034 0.3158684863523573 0.052297520661157025 0.03620347394540943
1 0.2286280991735537 0.32051488833746894 0.06717355371900827 0.0504590570719603
2 0.3165289256198347 0.3430334987593052 0.03471074380165289 0.038424317617866
1 0.15369421487603305 0.349454094292804 0.07598347107438017 0.04133995037220844
1 0.250702479338843 0.4862841191066997 0.14768595041322313 0.10904466501240695
1 0.0596198347107438 0.4928722084367246 0.11593388429752066 0.1023697270471464
2 0.39380165289256197 0.532289081885856 0.047107438016528926 0.05961538461538461
2 0.016743801652892562 0.5789454094292804 0.033487603305785124 0.07104218362282878
2 0.30907438016528926 0.5798697270471465 0.05285950413223141 0.07289081885856079
2 0.4963636363636364 0.6091873449131514 0.04727272727272727 0.07941687344913152
2 0.4302066115702479 0.6193920595533499 0.05380165289256198 0.08990074441687344
3 0.6712314049586777 0.7033250620347394 0.3077520661157025 0.3644665012406948
2 0.38111570247933885 0.7359615384615384 0.0812396694214876 0.11212158808933002
2 0.10478512396694215 0.8192183622828784 0.09717355371900827 0.11734491315136476
1 0.2396694214876033 0.9150124069478908 0.39008264462809916 0.1674937965260546