1 0.7418385416666666 0.1682685185185185 0.02221875 0.02912962962962963
1 0.8239713541666667 0.20882407407407408 0.02919270833333333 0.02875925925925926
1 0.8240729166666667 0.2414583333333333 0.035645833333333335 0.031064814814814812
1 0.6882239583333334 0.24289814814814814 0.03790625 0.037648148148148146
2 0.6682135416666667 0.3166203703703704 0.020802083333333332 0.05731481481481481
1 0.8142005208333334 0.32126851851851856 0.058609375 0.06661111111111111
2 0.6896927083333334 0.32935648148148144 0.024177083333333335 0.060564814814814814
2 0.7423749999999999 0.3511666666666667 0.025374999999999998 0.09677777777777777
1 0.6090807291666667 0.3538425925925926 0.075453125 0.10583333333333333
1 0.8040286458333333 0.4426481481481481 0.09034895833333333 0.1464074074074074
1 0.5324427083333333 0.5016574074074074 0.16905208333333333 0.22924074074074074
1 0.7684036458333333 0.6516435185185185 0.13368229166666667 0.29217592592592595