1 0.6234132231404959 0.15057692307692308 0.030297520661157023 0.02075682382133995
1 0.27020661157024795 0.19498759305210916 0.014793388429752065 0.025210918114143922
2 0.45197520661157026 0.19566377171215882 0.01469421487603306 0.021600496277915632
1 0.31117355371900823 0.19995657568238212 0.04052892561983471 0.022741935483870965
3 0.11857024793388429 0.20241935483870968 0.06854545454545455 0.05744416873449131
2 0.24102479338842975 0.2085483870967742 0.02585123966942149 0.03248138957816377
2 0.43714049586776865 0.21870347394540943 0.018082644628099172 0.025496277915632755
2 0.38994214876033056 0.21929900744416872 0.019553719008264463 0.024205955334987594
1 0.6450495867768595 0.2315136476426799 0.047123966942148765 0.03374689826302729
2 0.33383471074380167 0.2491439205955335 0.019735537190082645 0.03178660049627792
1 0.5903471074380165 0.2603846153846154 0.06333884297520662 0.04930521091811415
2 0.02171074380165289 0.29174937965260545 0.02358677685950413 0.030148883374689826
2 0.06875206611570248 0.3324255583126551 0.02841322314049587 0.03457816377171216
2 0.262702479338843 0.34777295285359805 0.02953719008264463 0.037977667493796524
2 0.006619834710743801 0.3650992555831265 0.013239669421487603 0.04781637717121588
3 0.4513140495867769 0.40030397022332503 0.12576859504132232 0.1802605459057072
1 0.7331735537190083 0.45377171215880896 0.1308099173553719 0.09116625310173698