1 0.6591239669421487 0.15988833746898265 0.022380165289256196 0.01704714640198511
1 0.6260578512396694 0.16030397022332507 0.01905785123966942 0.012915632754342432
1 0.590702479338843 0.20712779156327543 0.04090909090909091 0.02715880893300248
2 0.48123140495867767 0.21542803970223323 0.013702479338842975 0.02390818858560794
2 0.26194214876033056 0.22869727047146404 0.02140495867768595 0.028114143920595535
2 0.07554545454545454 0.27134615384615385 0.02216528925619835 0.036488833746898264
2 0.1922809917355372 0.27564516129032257 0.020925619834710744 0.030198511166253102
2 0.11023140495867768 0.29710297766749383 0.028727272727272726 0.03589330024813896
1 0.5473719008264463 0.30195409429280395 0.07656198347107437 0.06048387096774194
2 0.008834710743801653 0.37910049627791564 0.017669421487603306 0.048523573200992556
1 0.718297520661157 0.5343238213399504 0.2200661157024793 0.2299379652605459