1 0.5976198347107438 0.21160669975186105 0.03821487603305785 0.031153846153846153
3 0.25767768595041324 0.21354218362282879 0.0657685950413223 0.059838709677419354
1 0.387900826446281 0.2276426799007444 0.04852892561983471 0.033449131513647645
1 0.2923388429752066 0.24073200992555832 0.04914049586776859 0.029851116625310172
3 0.6899917355371901 0.2488771712158809 0.0576694214876033 0.06599255583126551
2 0.4573223140495868 0.3251178660049628 0.032 0.042295285359801496
1 0.611595041322314 0.343014888337469 0.08930578512396695 0.0681637717121588
2 0.12792561983471074 0.35390198511166254 0.03105785123966942 0.05271712158808933
2 0.23377685950413224 0.39348635235732005 0.031190082644628102 0.05496277915632754
2 0.16986776859504132 0.4045161290322581 0.04552066115702479 0.0571712158808933
2 0.058892561983471065 0.41334367245657566 0.054975206611570245 0.05993796526054591
1 0.8489256198347108 0.41290942928039703 0.14413223140495868 0.10621588089330025