1 0.6445123966942149 0.30498759305210915 0.1088595041322314 0.0715136476426799
2 0.9325289256198346 0.41890198511166254 0.04687603305785124 0.0636104218362283
2 0.7472231404958678 0.440136476426799 0.04981818181818182 0.07630272952853598
2 0.88400826446281 0.45062034739454093 0.0556198347107438 0.07245657568238213
2 0.8125702479338843 0.4508746898263027 0.04828099173553719 0.07048387096774193
2 0.684702479338843 0.5066749379652605 0.05700826446280992 0.08034739454094293
2 0.9639090909090908 0.5354652605459057 0.06335537190082645 0.08333746898263028
2 0.6125123966942149 0.55962158808933 0.04816528925619835 0.08946650124069479
2 0.7651074380165289 0.5745843672456575 0.06905785123966943 0.08217121588089331
0 0.39787603305785124 0.6131947890818858 0.3990578512396694 0.3529404466501241
2 0.07812396694214876 0.6315136476426799 0.053768595041322316 0.08436724565756824
2 0.1786528925619835 0.641544665012407 0.059785123966942154 0.0895409429280397
2 0.9518429752066115 0.6677791563275435 0.09211570247933884 0.11719602977667493
2 0.7850909090909092 0.7310173697270472 0.09249586776859504 0.11960297766749381
2 0.884198347107438 0.8388647642679901 0.09897520661157025 0.10700992555831265