1 0.7406796875 0.16865740740740742 0.019901041666666668 0.028055555555555556
1 0.8278203125 0.22376851851851853 0.043140625 0.053092592592592594
2 0.7967057291666666 0.24993055555555557 0.022578125 0.040601851851851854
2 0.758953125 0.2800324074074074 0.016864583333333336 0.0489537037037037
2 0.7212005208333333 0.30295833333333333 0.019484374999999998 0.054064814814814816
1 0.8197890624999999 0.31700925925925927 0.058328124999999995 0.05809259259259259
1 0.8206354166666666 0.38586111111111115 0.0641875 0.06616666666666667
2 0.5686171874999999 0.4050740740740741 0.037234375 0.07681481481481481
2 0.6832213541666667 0.47815277777777776 0.04144270833333333 0.07482407407407407
1 0.8024947916666666 0.5278981481481482 0.12269791666666667 0.2502407407407407
3 0.43828125 0.737037037037037 0.38177083333333334 0.524074074074074