1 0.9721818181818181 0.26746898263027297 0.05345454545454546 0.05602977667493796
2 0.7099173553719008 0.2791439205955335 0.038 0.04710918114143921
1 0.571801652892562 0.3007816377171216 0.13201652892561985 0.12265508684863524
1 0.9768595041322314 0.33002481389578164 0.04297520661157025 0.08436724565756824
1 0.7652561983471075 0.3341563275434243 0.11894214876033057 0.0851985111662531
2 0.4091900826446281 0.35143920595533495 0.04811570247933884 0.06764267990074442
2 0.875487603305785 0.35995037220843673 0.04190082644628099 0.05735732009925558
1 0.5813388429752065 0.3797890818858561 0.16102479338842976 0.10944168734491315
2 0.15439669421487603 0.42282878411910674 0.04100826446280992 0.05408188585607941
1 0.5852231404958678 0.4735235732009926 0.19191735537190083 0.14555831265508684
2 0.9353388429752066 0.47970223325062034 0.05578512396694215 0.07354838709677419
2 0.07099173553719008 0.48333746898263025 0.056033057851239666 0.07338709677419354
2 0.34251239669421485 0.5045161290322581 0.0668595041322314 0.10084367245657569
2 0.2414710743801653 0.5738461538461538 0.06971900826446281 0.038523573200992554
2 0.3913719008264463 0.6159305210918115 0.07532231404958678 0.10531017369727047
2 0.08426446280991735 0.6340322580645161 0.06937190082644627 0.09436724565756824
1 0.22887603305785123 0.6803225806451614 0.26603305785123965 0.18694789081885857
2 0.48337190082644627 0.7219602977667493 0.10064462809917356 0.12133995037220843
2 0.2100495867768595 0.8020967741935484 0.09942148760330578 0.1376923076923077
2 0.4274545454545455 0.8328039702233251 0.13423140495867766 0.1221712158808933
2 0.9370578512396693 0.8396401985111662 0.1055206611570248 0.11353598014888339
2 0.607900826446281 0.8912282878411911 0.13482644628099172 0.13976426799007444
1 0.26241322314049587 0.40456575682382134 0.19864462809917358 0.1920967741935484