1 0.7270247933884297 0.3511414392059553 0.052396694214876034 0.04719602977667494
1 0.7621487603305785 0.3808064516129032 0.06975206611570249 0.054416873449131514
1 0.5240247933884298 0.40437965260545905 0.07945454545454546 0.0643424317617866
2 0.4330495867768595 0.4182258064516129 0.02312396694214876 0.027518610421836228
2 0.2932231404958678 0.5434801488833747 0.040991735537190085 0.04477667493796526
2 0.71 0.548728287841191 0.04809917355371901 0.05527295285359801
1 0.09813223140495868 0.5915818858560794 0.1532892561983471 0.12361042183622828
2 0.9508429752066115 0.591470223325062 0.06036363636363637 0.07375930521091811
2 0.79199173553719 0.6474317617866006 0.06662809917355372 0.08642679900744417
2 0.4489917355371901 0.6561600496277916 0.04178512396694215 0.09643920595533499
1 0.2182066115702479 0.7158250620347395 0.30418181818181816 0.300136476426799
1 0.5820578512396694 0.7294789081885856 0.27155371900826447 0.3224813895781638
2 0.9818181818181818 0.8169975186104218 0.03305785123966942 0.09801488833746898
2 0.8851735537190082 0.9215694789081885 0.10423140495867769 0.14338709677419353