3 0.6356528925619834 0.17128099173553718 0.03824793388429752 0.0384297520661157
2 0.4762148760330579 0.18007438016528923 0.02019834710743802 0.029570247933884297
2 0.5147438016528926 0.191 0.017917355371900826 0.03158677685950413
1 0.5703140495867769 0.21422314049586774 0.056330578512396694 0.051586776859504135
2 0.37668595041322317 0.23050413223140498 0.026099173553719008 0.037867768595041325
2 0.4061404958677686 0.2780247933884297 0.0288099173553719 0.05687603305785124
1 0.4591322314049586 0.3257190082644628 0.09181818181818181 0.08945454545454545
2 0.5983884297520661 0.43099173553719006 0.03644628099173554 0.0652892561983471
1 0.25232231404958677 0.44122314049586775 0.20381818181818182 0.23120661157024794
1 0.7294793388429752 0.4438760330578513 0.12011570247933885 0.13403305785123967
1 0.0455702479338843 0.5431900826446281 0.0911404958677686 0.17067768595041324
2 0.6066859504132232 0.6233801652892562 0.053041322314049594 0.09304132231404959
1 0.15786776859504134 0.7453471074380166 0.27606611570247935 0.3171404958677686
1 0.5839090909090909 0.15200826446280993 0.033933884297520665 0.03624793388429752