1 0.7417708333333334 0.1680787037037037 0.02 0.02875
1 0.8247682291666667 0.2184074074074074 0.031828125 0.02940740740740741
1 0.6807604166666666 0.2190185185185185 0.03860416666666667 0.047296296296296295
2 0.6572135416666666 0.3010555555555555 0.021718750000000002 0.06507407407407408
1 0.8144505208333332 0.3302407407407407 0.06744270833333334 0.0827037037037037
2 0.6259010416666667 0.34718518518518515 0.026802083333333334 0.0628888888888889
1 0.7044557291666667 0.4299212962962963 0.08911979166666667 0.15243518518518517
1 0.802484375 0.46281944444444445 0.08934375 0.16082407407407406
1 0.5627890625 0.469625 0.13182812500000002 0.17628703703703702
2 0.42476041666666664 0.5328981481481482 0.04952083333333333 0.11024074074074074
1 0.35766145833333335 0.7942037037037037 0.24344791666666668 0.37544444444444447
2 0.10254166666666667 0.9029212962962962 0.10508333333333333 0.1558425925925926