0 0.8190826446280992 0.35522952853598017 0.05138842975206612 0.03552109181141439
1 0.8530247933884298 0.3889640198511166 0.0432396694214876 0.033511166253101736
1 0.968107438016529 0.4022828784119107 0.04861157024793388 0.03285359801488834
1 0.7391570247933884 0.40418734491315134 0.04360330578512397 0.03169975186104219
1 0.793396694214876 0.42829404466501236 0.056214876033057845 0.03772952853598015
1 0.9817272727272728 0.45251240694789086 0.03618181818181818 0.04150124069478908
1 0.8795289256198348 0.4585235732009926 0.06649586776859504 0.04856079404466501
2 0.5698264462809918 0.4710483870967742 0.025603305785123966 0.04135235732009925
2 0.6660413223140496 0.4768920595533499 0.022991735537190083 0.035669975186104215
2 0.8023388429752066 0.4823076923076923 0.031123966942148758 0.04650124069478908
2 0.7353223140495868 0.4827109181141439 0.029322314049586774 0.039863523573201
2 0.9862727272727273 0.5022890818858561 0.02543801652892562 0.0442803970223325
2 0.751809917355372 0.5357568238213399 0.03915702479338843 0.06158808933002481
2 0.7511570247933884 0.5472208436724566 0.0312396694214876 0.0373697270471464
2 0.8356528925619835 0.5755893300248139 0.03494214876033058 0.051923076923076926
2 0.9702561983471074 0.665409429280397 0.049603305785123966 0.07523573200992556
1 0.6863223140495868 0.6819913151364764 0.19578512396694214 0.19524813895781637
0 0.2747603305785124 0.6866129032258064 0.4668760330578512 0.3732258064516129
2 0.5097107438016529 0.7289578163771712 0.05413223140495868 0.07578163771712158