3 0.28082644628099174 0.1934367245657568 0.16165289256198348 0.13129032258064516
3 0.5557768595041322 0.2117803970223325 0.18262809917355372 0.2126426799007444
2 0.1674297520661157 0.23364764267990074 0.037338842975206614 0.0628287841191067
2 0.4315289256198347 0.28531017369727046 0.04652892561983471 0.07186104218362283
1 0.06260330578512396 0.30167493796526057 0.12520661157024793 0.13436724565756825
1 0.15336363636363637 0.04052109181141439 0.06540495867768595 0.043821339950372205
3 0.32411570247933885 0.4064143920595533 0.23831404958677688 0.331439205955335
1 0.28011570247933887 0.04255583126550868 0.0676694214876033 0.05533498759305211
2 0.16514049586776858 0.4108684863523573 0.06912396694214876 0.08724565756823821
2 0.49605785123966945 0.4140136476426799 0.06649586776859504 0.08857320099255583
1 0.8446280991735537 0.6395781637717122 0.31074380165289256 0.2543424317617866
2 0.2368512396694215 0.7153660049627792 0.1067603305785124 0.15281637717121588
1 0.2725289256198347 0.10275434243176178 0.07563636363636363 0.049181141439205954