1 0.7412317708333334 0.1684027777777778 0.022046875 0.02939814814814815
1 0.6931067708333334 0.22787037037037036 0.038296875 0.05388888888888889
1 0.8156380208333334 0.281375 0.05002604166666667 0.06275
2 0.7540052083333334 0.3265787037037037 0.022593750000000003 0.07352777777777778
2 0.6524583333333334 0.3323657407407407 0.03825 0.07028703703703704
1 0.813875 0.3330416666666667 0.068375 0.06978703703703704
1 0.5763203125 0.3942777777777778 0.09430729166666667 0.1552222222222222
1 0.8039114583333333 0.44166666666666665 0.09115625000000001 0.14629629629629629
2 0.5946536458333332 0.4550925925925926 0.047640625 0.10277777777777777
1 0.7679635416666667 0.6525185185185185 0.13280208333333332 0.2902222222222222
1 0.39119270833333336 0.6974305555555556 0.25321875 0.3874537037037037
2 0.6287630208333332 0.714212962962963 0.058567708333333336 0.17287037037037037