2 0.3387107438016529 0.14227047146401986 0.02618181818181818 0.03392059553349876
3 0.5723223140495868 0.16395781637717122 0.08679338842975207 0.08722084367245657
1 0.05218181818181818 0.19777295285359803 0.07461157024793388 0.05559553349875931
2 0.2336115702479339 0.229727047146402 0.03085950413223141 0.04258064516129032
2 0.2877603305785124 0.3963213399503722 0.046595041322314054 0.058151364764267986
1 0.50199173553719 0.04163771712158809 0.02877685950413223 0.021240694789081888
1 0.7395371900826446 0.4701550868486352 0.22948760330578513 0.20333746898263025
1 0.5586198347107437 0.05016129032258065 0.03294214876033058 0.028362282878411908
2 0.34756198347107436 0.5243982630272953 0.05710743801652892 0.0810545905707196
1 0.4556446280991736 0.06057071960297767 0.02533884297520661 0.019404466501240697
1 0.43395041322314054 0.06988213399503722 0.04145454545454545 0.030583126550868485
1 0.8636363636363636 0.7301488833746899 0.2694214876033058 0.2642679900744417
2 0.34366942148760327 0.08339950372208436 0.016264462809917356 0.022878411910669978
1 0.5114876033057851 0.08616625310173698 0.041157024793388425 0.030893300248138956
3 0.05003305785123967 0.08857320099255583 0.05709090909090909 0.04563275434243176