2 0.6247272727272727 0.20298347107438017 0.02631404958677686 0.05555371900826446
2 0.30094214876033054 0.253801652892562 0.026677685950413223 0.041487603305785124
2 0.5949256198347107 0.2575206611570248 0.029520661157024793 0.03900826446280992
1 0.6899752066115703 0.2595123966942149 0.094 0.09257851239669421
2 0.6856776859504132 0.3661735537190083 0.04573553719008265 0.0711900826446281
2 0.6323223140495868 0.4375454545454545 0.04150413223140496 0.07839669421487604
0 0.3885123966942149 0.4796611570247934 0.30760330578512396 0.48990082644628097
2 0.783495867768595 0.5112479338842976 0.059553719008264464 0.0935702479338843
1 0.5741157024793389 0.05685123966942148 0.03418181818181818 0.03436363636363636
1 0.6307685950413223 0.0814297520661157 0.03509090909090909 0.037239669421487605
1 0.575702479338843 0.1030413223140496 0.037355371900826446 0.03418181818181818
2 0.5569090909090909 0.13269421487603306 0.016297520661157024 0.0372892561983471
1 0.6515537190082644 0.1415702479338843 0.06343801652892563 0.06165289256198347