2 0.2599090909090909 0.13249379652605459 0.03386776859504132 0.036699751861042185
2 0.07677685950413224 0.1403225806451613 0.02462809917355372 0.03498759305210918
2 0.26394214876033056 0.1409987593052109 0.028710743801652894 0.03882133995037221
2 0.016421487603305782 0.15174937965260546 0.026231404958677686 0.0330272952853598
2 0.29205785123966943 0.19448511166253102 0.02543801652892562 0.04901985111662531
1 0.5422727272727272 0.02469602977667494 0.020082644628099174 0.019615384615384614
2 0.1417603305785124 0.26312034739454093 0.0488099173553719 0.0597394540942928
1 0.5745454545454546 0.029745657568238215 0.021818181818181816 0.014826302729528534
3 0.7790330578512397 0.2915322580645161 0.19608264462809916 0.13145161290322582
1 0.3255702479338843 0.5252171215880893 0.2048595041322314 0.19435483870967743
2 0.1282809917355372 0.10982630272952854 0.018545454545454546 0.03354838709677419