2 0.24657851239669423 0.2564950372208437 0.03365289256198347 0.04897022332506203
1 0.7508677685950412 0.03155086848635236 0.024049586776859505 0.01843672456575682
2 0.4398099173553719 0.31088089330024815 0.05317355371900827 0.07089330024813896
1 0.23747107438016532 0.37880893300248136 0.17411570247933886 0.10004962779156328
1 0.8684958677685951 0.03856079404466501 0.02790082644628099 0.017568238213399503
3 0.8273471074380165 0.04543424317617867 0.04147107438016529 0.04124069478908189
1 0.7778181818181817 0.05196029776674938 0.03166942148760331 0.022034739454094295
1 0.5157851239669422 0.6227915632754343 0.23818181818181816 0.19347394540942928
1 0.8711900826446282 0.07114764267990074 0.04651239669421488 0.02815136476426799
1 0.6917355371900826 0.08683002481389578 0.04462809917355372 0.032220843672456576
1 0.8230495867768595 0.10635856079404465 0.052710743801652894 0.03901985111662531