1 0.42388429752066115 0.31860330578512397 0.10396694214876033 0.05869421487603305
1 0.8249256198347107 0.34662809917355375 0.08621487603305784 0.08168595041322314
2 0.7125867768595041 0.3792396694214876 0.026826446280991737 0.0444297520661157
2 0.9516859504132231 0.3875785123966942 0.02899173553719008 0.04788429752066115
2 0.7711404958677687 0.5327768595041322 0.03814876033057851 0.09034710743801652
2 0.8407355371900826 0.5874132231404958 0.05502479338842975 0.07400000000000001
2 0.14631404958677685 0.607198347107438 0.06783471074380165 0.0904297520661157
2 0.9386198347107438 0.6171735537190083 0.04583471074380165 0.09054545454545455
2 0.726694214876033 0.6438099173553719 0.05504132231404958 0.09423140495867768
0 0.35454545454545455 0.6735537190082644 0.6462809917355372 0.6495867768595042
2 0.8575537190082645 0.7354958677685951 0.05890909090909091 0.1222314049586777
2 0.058 0.7711157024793388 0.09616528925619834 0.1703305785123967
2 0.6652231404958677 0.9185702479338843 0.07755371900826447 0.1511900826446281