1 0.6049173553719008 0.13733870967741935 0.06603305785123967 0.04887096774193549
2 0.08426446280991737 0.16176178660049628 0.0263801652892562 0.03816377171215881
2 0.033487603305785124 0.18719602977667493 0.030611570247933883 0.036923076923076927
1 0.6758347107438016 0.22308312655086848 0.10208264462809917 0.07147642679900744
2 0.2542231404958678 0.3294478908188586 0.05555371900826446 0.05839950372208437
1 0.8379173553719008 0.378151364764268 0.2047603305785124 0.1235483870967742
3 0.06450413223140496 0.040980148883374694 0.08272727272727272 0.06459057071960297
3 0.5129173553719009 0.04373449131513648 0.050628099173553716 0.05521091811414392
1 0.42777685950413225 0.0636786600496278 0.042330578512396695 0.030583126550868485
2 0.12953719008264464 0.0942803970223325 0.021057851239669422 0.03719602977667494
1 0.5412396694214876 0.09565136476426798 0.06099173553719008 0.04986352357320099
1 0.543099173553719 0.010173697270471464 0.03495867768595041 0.017866004962779156