1 0.35738842975206614 0.172900826446281 0.08337190082644627 0.10117355371900827
1 0.6192314049586777 0.19224793388429753 0.06490909090909092 0.06383471074380165
2 0.2771818181818182 0.24764462809917354 0.02543801652892562 0.05231404958677686
2 0.5360413223140496 0.2810165289256198 0.027454545454545454 0.04963636363636364
2 0.5048842975206611 0.35477685950413224 0.03456198347107438 0.05831404958677686
2 0.5797685950413223 0.357396694214876 0.035570247933884296 0.05363636363636364
1 0.7063719008264463 0.3811735537190083 0.130099173553719 0.14085950413223142
2 0.207900826446281 0.3859834710743802 0.048859504132231404 0.07775206611570248
1 0.405198347107438 0.46727272727272723 0.15254545454545457 0.18413223140495869
1 0.11416528925619833 0.5707438016528926 0.22833057851239666 0.3018181818181818
0 0.7705041322314049 0.7451735537190083 0.26497520661157026 0.4424132231404959
2 0.5400909090909091 0.796801652892562 0.09836363636363636 0.14566942148760328
1 0.4283471074380165 0.13751239669421486 0.05338842975206611 0.050231404958677686