1 0.7417994791666668 0.16847685185185185 0.020057291666666664 0.027694444444444445
1 0.8241927083333334 0.24604629629629632 0.030677083333333334 0.03468518518518519
2 0.7241953124999999 0.26035185185185183 0.012973958333333334 0.04292592592592592
2 0.7498411458333333 0.2659074074074074 0.014265625 0.054037037037037036
2 0.6989375 0.2760972222222222 0.01975 0.05589814814814815
2 0.66209375 0.29624537037037035 0.021062499999999998 0.055453703703703706
1 0.8139661458333334 0.3310324074074074 0.06439062499999999 0.08058333333333334
1 0.5952161458333334 0.3494305555555555 0.08522395833333334 0.08219444444444444
1 0.8033489583333334 0.46530555555555553 0.09107291666666667 0.16394444444444445
1 0.56634375 0.47268055555555555 0.14102083333333332 0.2157314814814815
2 0.6775833333333333 0.7336574074074075 0.049958333333333334 0.1376851851851852
2 0.3702083333333333 0.8144768518518518 0.09874999999999999 0.2104351851851852