1 0.4850661157024793 0.12475186104218362 0.0544297520661157 0.03858560794044665
2 0.23584297520661157 0.13095533498759304 0.022099173553719008 0.028660049627791565
2 0.28690082644628095 0.1348697270471464 0.021735537190082647 0.029044665012406948
2 0.03721487603305785 0.14606079404466502 0.028148760330578514 0.03901985111662531
2 0.2225785123966942 0.20587468982630272 0.031933884297520664 0.04946650124069479
3 0.78399173553719 0.28929280397022333 0.17955371900826445 0.12449131513647643
3 0.5521570247933885 0.4491749379652605 0.20844628099173554 0.30777915632754344
1 0.42168595041322315 0.07785359801488834 0.04006611570247934 0.026674937965260544
2 0.361595041322314 0.09560794044665012 0.015752066115702477 0.027444168734491316
2 0.09574380165289256 0.09953473945409429 0.01958677685950413 0.027853598014888337
2 0.008363636363636363 0.11968982630272952 0.016727272727272726 0.030942928039702236