1 0.0901404958677686 0.2002314049586777 0.0711900826446281 0.036826446280991736
1 0.3755123966942149 0.2440413223140496 0.07995041322314049 0.08808264462809917
2 0.30162809917355377 0.24569421487603307 0.02143801652892562 0.04841322314049586
1 0.07712396694214875 0.2982892561983471 0.15094214876033057 0.1800495867768595
2 0.20928925619834712 0.3374132231404959 0.03841322314049587 0.06986776859504133
1 0.47717355371900827 0.3609173553719008 0.10145454545454546 0.11026446280991735
2 0.2506528925619835 0.3865867768595041 0.03849586776859504 0.07565289256198347
2 0.05816528925619834 0.46754545454545454 0.04029752066115702 0.06897520661157024
2 0.3168925619834711 0.469900826446281 0.03543801652892562 0.06707438016528926
2 0.16525619834710745 0.47829752066115705 0.04621487603305785 0.07064462809917356
1 0.5757603305785124 0.6424462809917355 0.22590082644628098 0.31629752066115707
2 0.14481818181818182 0.6647851239669421 0.05823140495867768 0.1064297520661157
1 0.34003305785123966 0.14657851239669423 0.03543801652892562 0.032