1 0.9055785123966942 0.1372890818858561 0.17479338842975206 0.1579528535980149
2 0.5301818181818182 0.14544044665012407 0.04879338842975207 0.05514888337468983
2 0.7543553719008265 0.18540942928039703 0.05747107438016529 0.07057071960297767
2 0.45612396694214874 0.2003473945409429 0.06596694214876032 0.07811414392059554
2 0.4580165289256199 0.21251861042183623 0.05652892561983471 0.045384615384615384
2 0.6111404958677686 0.023504962779156327 0.03550413223140496 0.047009925558312654
3 0.5159669421487603 0.438424317617866 0.37408264462809915 0.420272952853598
1 0.9107438016528926 0.4392059553349876 0.17520661157024794 0.2803970223325062
2 0.20921487603305786 0.46587468982630276 0.09446280991735537 0.12281637717121588
2 0.7682892561983471 0.07859801488833747 0.03905785123966942 0.07034739454094294
2 0.8341818181818182 0.08084367245657567 0.041917355371900826 0.07483870967741936
1 0.640090909090909 0.08897022332506205 0.12315702479338844 0.0960545905707196
2 0.8512396694214877 0.9466501240694789 0.11570247933884298 0.10669975186104218
2 0.1824214876033058 0.10821960297766749 0.054099173553719 0.06011166253101737
1 0.4716942148760331 0.011799007444168735 0.09380165289256198 0.02359801488833747
2 0.026842975206611573 0.11807071960297766 0.0503801652892562 0.05996277915632754