2 0.24210743801652893 0.26415702479338843 0.04785123966942149 0.08203305785123967
2 0.6290330578512396 0.2654380165289256 0.04153719008264463 0.05153719008264463
2 0.3517190082644628 0.2922892561983471 0.04889256198347107 0.09532231404958678
2 0.15779338842975207 0.3402396694214876 0.047818181818181815 0.08874380165289256
2 0.2901157024793389 0.34325619834710747 0.048 0.08816528925619835
2 0.407396694214876 0.38206611570247934 0.06107438016528926 0.08975206611570248
2 0.046834710743801654 0.42929752066115706 0.06722314049586778 0.10818181818181818
1 0.7120413223140495 0.48451239669421486 0.26375206611570245 0.4103471074380165
2 0.5076280991735538 0.5159256198347107 0.07310743801652891 0.12276033057851239
2 0.22299173553719007 0.5415454545454546 0.06912396694214876 0.1277190082644628
2 0.3494132231404959 0.589900826446281 0.07072727272727272 0.12525619834710744
1 0.3621487603305785 0.06959504132231406 0.07966942148760331 0.08299173553719008
2 0.47935537190082644 0.6999752066115703 0.08598347107438017 0.1437520661157025
2 0.11996694214876033 0.07254545454545455 0.025057851239669422 0.04591735537190083
2 0.29473553719008266 0.8552892561983472 0.07376859504132231 0.1634710743801653
2 0.08042148760330578 0.10513223140495868 0.031917355371900824 0.051586776859504135
2 0.23505785123966944 0.11162809917355371 0.037057851239669426 0.08771900826446281
1 0.5679090909090909 0.13157024793388428 0.0911900826446281 0.11107438016528925
2 0.28489256198347107 0.15961157024793388 0.03424793388429752 0.07128925619834711
2 0.1817107438016529 0.16182644628099174 0.03614876033057851 0.06910743801652892