1 0.7682396694214876 0.12608560794044665 0.1249090909090909 0.11321339950372208
2 0.5377438016528925 0.13648883374689824 0.04738842975206612 0.0819106699751861
1 0.13004132231404958 0.015638957816377173 0.11462809917355371 0.02879652605459057
2 0.5381487603305785 0.1557754342431762 0.04158677685950413 0.05596774193548387
2 0.22595041322314047 0.1781451612903226 0.061818181818181814 0.08581885856079405
2 0.6630495867768594 0.17935483870967742 0.043454545454545454 0.06838709677419355
2 0.0719504132231405 0.22977047146401985 0.061256198347107445 0.06748138957816377
2 0.5959917355371901 0.2942990074441687 0.04818181818181818 0.07246898263027295
2 0.5172892561983471 0.029956575682382133 0.03292561983471075 0.0574317617866005
1 0.8357438016528925 0.3223511166253102 0.20702479338842975 0.20301488833746897
1 0.05326446280991736 0.4235794044665012 0.10322314049586777 0.22433002481389577
2 0.13061983471074382 0.5097208436724565 0.09925619834710743 0.11373449131513648
0 0.3352727272727273 0.5267866004962779 0.475504132231405 0.6838461538461538
2 0.7104628099173553 0.8441004962779156 0.11844628099173553 0.11996277915632754
2 0.2893801652892562 0.09535980148883375 0.043223140495867764 0.05424317617866005
1 0.3767933884297521 0.11297146401985113 0.16515702479338842 0.15894540942928043