2 0.5346198347107438 0.18137190082644628 0.024611570247933885 0.058611570247933883
2 0.48129752066115705 0.20756198347107438 0.03366942148760331 0.05148760330578512
2 0.7833801652892561 0.24494214876033057 0.026264462809917358 0.04690909090909091
2 0.6799008264462809 0.2687933884297521 0.027570247933884295 0.05163636363636363
2 0.6605867768595041 0.3839504132231405 0.045140495867768596 0.07368595041322314
2 0.3281404958677686 0.40225619834710746 0.06454545454545454 0.08054545454545455
2 0.5464049586776859 0.4080578512396694 0.04818181818181818 0.08223140495867769
2 0.7749752066115703 0.41115702479338845 0.04581818181818181 0.08181818181818182
2 0.06398347107438017 0.4834793388429752 0.0783801652892562 0.09423140495867768
2 0.21247107438016533 0.5825289256198347 0.07452892561983472 0.11712396694214876
1 0.5420743801652892 0.6559256198347108 0.20150413223140495 0.3002809917355372
3 0.7531074380165289 0.0896694214876033 0.051669421487603305 0.08016528925619834
1 0.6596446280991736 0.09577685950413223 0.04986776859504133 0.049404958677685955