2 0.579396694214876 0.15715260545905707 0.02490909090909091 0.033908188585607936
2 0.6928429752066116 0.16205955334987593 0.036925619834710745 0.03379652605459057
2 0.6310661157024794 0.17037220843672457 0.0323801652892562 0.040496277915632754
1 0.896 0.19831265508684864 0.09282644628099174 0.0690818858560794
2 0.5533884297520661 0.21562034739454095 0.03239669421487604 0.04662531017369727
1 0.6766198347107438 0.21861662531017367 0.11687603305785123 0.07495037220843671
2 0.45680165289256197 0.21939205955334987 0.03426446280991736 0.04424317617866005
2 0.5019586776859504 0.23892059553349876 0.041933884297520665 0.0584863523573201
2 0.9634214876033058 0.25607940446650124 0.0392396694214876 0.05558312655086848
2 0.7808512396694215 0.2819044665012407 0.054264462809917355 0.07745657568238214
2 0.6655206611570248 0.3017183622828784 0.04839669421487604 0.062493796526054586
2 0.29666942148760334 0.3068362282878412 0.03796694214876033 0.0503970223325062
2 0.4519504132231405 0.32653225806451613 0.05100826446280991 0.062493796526054586
2 0.596198347107438 0.32967121588089326 0.055206611570247935 0.07621588089330025
2 0.36107438016528925 0.34261786600496275 0.04776859504132231 0.0673697270471464
2 0.9538842975206612 0.36924937965260546 0.05322314049586777 0.06852357320099255
2 0.24480991735537191 0.37942928039702234 0.04995041322314049 0.0715136476426799
2 0.5181487603305786 0.4001799007444169 0.06109090909090909 0.07827543424317618
2 0.8751157024793389 0.41478908188585606 0.06097520661157025 0.07523573200992556
2 0.11574380165289257 0.41630272952853603 0.07611570247933884 0.08074441687344913
2 0.7065619834710745 0.456954094292804 0.06105785123966942 0.08512406947890819
2 0.9857190082644628 0.457332506203474 0.027636363636363636 0.08836228287841191
2 0.45859504132231405 0.46418114143920597 0.07421487603305785 0.08965260545905708
2 0.18558677685950414 0.48164392059553346 0.08687603305785124 0.10968982630272953
2 0.9483801652892562 0.6706203473945409 0.09180165289256198 0.12039702233250621
1 0.22636363636363635 0.8070347394540943 0.4527272727272727 0.36344913151364766