2 0.5844049586776859 0.35619834710743803 0.028314049586776857 0.04132231404958678
1 0.7766776859504132 0.36488429752066115 0.06905785123966943 0.062
2 0.6887768595041321 0.3798429752066116 0.02218181818181818 0.03241322314049587
1 0.3695702479338843 0.3850413223140496 0.10112396694214876 0.05933884297520661
2 0.8770247933884298 0.3861322314049587 0.02512396694214876 0.038380165289256196
2 0.8536611570247934 0.48809090909090913 0.03790082644628099 0.08692561983471075
2 0.31133057851239665 0.5176198347107438 0.030925619834710746 0.050115702479338844
2 0.6968842975206612 0.5266694214876033 0.045008264462809915 0.0715206611570248
2 0.8007768595041322 0.5631652892561984 0.03791735537190083 0.07839669421487604
0 0.4957024793388429 0.5642479338842975 0.3302479338842975 0.388
2 0.8870330578512396 0.6173140495867769 0.051752066115702475 0.0875206611570248
2 0.22721487603305784 0.6474545454545454 0.06434710743801653 0.08168595041322314
2 0.6751157024793388 0.7454876033057851 0.054363636363636364 0.09593388429752066
2 0.9768595041322314 0.8115702479338843 0.04297520661157025 0.12892561983471074