2 0.4055206611570248 0.17915632754342434 0.0903801652892562 0.13002481389578163
2 0.30725619834710743 0.23684243176178663 0.09219834710743802 0.14366004962779158
2 0.9664297520661158 0.3151426799007444 0.0650909090909091 0.1414516129032258
2 0.20969421487603307 0.3199193548387097 0.1119504132231405 0.15844913151364765
2 0.8114628099173554 0.34885856079404465 0.10887603305785125 0.1567741935483871
2 0.6303223140495868 0.0544727047146402 0.08378512396694214 0.10398263027295286
2 0.7189338842975206 0.6182940446650125 0.14861157024793387 0.21177419354838709
1 0.25469421487603305 0.07287220843672457 0.23500826446280992 0.14326302729528537
2 0.04059504132231405 0.7661910669975186 0.0811900826446281 0.2619106699751861
2 0.4276198347107438 0.804894540942928 0.17424793388429752 0.24006203473945412
2 0.8173553719008264 0.8869230769230769 0.1834710743801653 0.218014888337469