1 0.6775598958333333 0.22633796296296296 0.03428645833333333 0.03600925925925926
3 0.7081796874999999 0.25033333333333335 0.048651041666666665 0.09325925925925926
1 0.6187005208333333 0.2998287037037037 0.055109375 0.07373148148148148
1 0.8224192708333333 0.3410509259259259 0.06150520833333333 0.10617592592592592
2 0.6665208333333333 0.3492731481481482 0.024708333333333332 0.07262037037037038
2 0.6404817708333332 0.34950462962962964 0.02471354166666667 0.0786388888888889
2 0.5785130208333332 0.4321712962962963 0.03619270833333333 0.09952777777777777
2 0.7111744791666667 0.4801064814814815 0.039015625 0.11762037037037038
2 0.5423177083333334 0.507662037037037 0.05234375 0.1301388888888889
1 0.8036276041666667 0.5326157407407408 0.12496354166666666 0.2485648148148148
2 0.6738072916666666 0.593337962962963 0.04969791666666667 0.16260185185185186
2 0.4712369791666667 0.6012129629629629 0.061223958333333335 0.15057407407407408
2 0.5910078124999999 0.6218194444444445 0.061182291666666666 0.1584537037037037
1 0.29494791666666664 0.693162037037037 0.24510416666666668 0.3029907407407408