1 0.7414453125 0.16903703703703704 0.022473958333333332 0.030666666666666665
1 0.824984375 0.2185324074074074 0.03330208333333333 0.037064814814814814
1 0.8021406249999999 0.2765833333333333 0.07719791666666667 0.08094444444444444
1 0.8136666666666666 0.32899074074074075 0.06691666666666667 0.07464814814814816
2 0.6376171875 0.3328287037037037 0.024192708333333333 0.0619537037037037
1 0.7230598958333334 0.3574907407407408 0.08882812500000001 0.12424074074074075
1 0.8026458333333333 0.4422083333333333 0.08966666666666666 0.14923148148148146
2 0.47540364583333333 0.5502638888888889 0.04872395833333333 0.12275
2 0.3832291666666666 0.6100046296296296 0.06229166666666666 0.12186111111111113
1 0.7688541666666667 0.6524166666666666 0.13458333333333333 0.2918703703703704
2 0.40926562499999997 0.7077268518518519 0.07269791666666667 0.17841666666666667