1 0.2851487603305785 0.14374069478908189 0.10087603305785124 0.06911910669975187
2 0.4145867768595041 0.1438895781637717 0.02917355371900826 0.03715880893300248
2 0.4612892561983471 0.19140818858560796 0.03662809917355372 0.05031017369727047
2 0.1963801652892562 0.19674937965260544 0.04234710743801653 0.07588089330024814
3 0.2966611570247934 0.2563895781637717 0.17018181818181818 0.15545905707196028
3 0.5891487603305785 0.2613399503722084 0.21300826446280993 0.24476426799007445
2 0.4195454545454545 0.27990074441687346 0.04239669421487603 0.0684863523573201
2 0.13231404958677687 0.2983498759305211 0.04975206611570248 0.05823821339950372
3 0.6106859504132232 0.3118548387096774 0.18335537190082646 0.13735732009925558
2 0.46447107438016527 0.36820719602977664 0.06943801652892562 0.08380893300248139
1 0.05700826446280992 0.3815260545905707 0.1107107438016529 0.14766749379652605
2 0.1667685950413223 0.4836910669975186 0.0492396694214876 0.09393300248138957
3 0.3363388429752066 0.5284677419354838 0.29251239669421486 0.4365880893300248
1 0.40711570247933887 0.05642679900744418 0.07373553719008265 0.06570719602977668
2 0.5924710743801653 0.5642803970223325 0.08411570247933885 0.11615384615384616
1 0.295900826446281 0.07163151364764268 0.07279338842975207 0.05889578163771712
1 0.15976859504132232 0.07166873449131514 0.07160330578512397 0.04904466501240695
2 0.02528099173553719 0.10178660049627791 0.030727272727272728 0.037320099255583127
2 0.36738842975206615 0.10788461538461538 0.02733884297520661 0.04703473945409429