1 0.7904635416666667 0.16989351851851853 0.021552083333333336 0.032379629629629626
1 0.8038958333333334 0.21748148148148147 0.02654166666666667 0.049777777777777775
1 0.7007682291666666 0.22542592592592595 0.03486979166666667 0.0452962962962963
2 0.6865703125 0.2888287037037037 0.017932291666666666 0.038768518518518515
1 0.8128645833333333 0.3043888888888889 0.052812500000000005 0.045814814814814815
1 0.8148020833333334 0.3349861111111111 0.07022916666666666 0.07367592592592592
2 0.6251197916666666 0.3520462962962963 0.03044791666666667 0.05964814814814815
2 0.5506510416666667 0.4333240740740741 0.037760416666666664 0.08701851851851852
1 0.8037500000000001 0.4649629629629629 0.08979166666666667 0.1577037037037037
2 0.5092526041666666 0.4956157407407407 0.04350520833333334 0.10604629629629629
2 0.6126197916666667 0.6063009259259259 0.04711458333333333 0.1144537037037037