1 0.32304958677685947 0.12771091811414392 0.07750413223140495 0.061873449131513644
1 0.20599173553719008 0.14081885856079404 0.07479338842975207 0.05086848635235732
2 0.06566115702479339 0.14642679900744415 0.02553719008264463 0.034789081885856075
2 0.4650909090909091 0.1513151364764268 0.027702479338842977 0.04208436724565757
2 0.2541239669421488 0.16661290322580644 0.025603305785123966 0.03297766749379653
2 0.3803884297520661 0.21602357320099258 0.04011570247933884 0.06728287841191066
2 0.5477685950413222 0.22859801488833748 0.0343801652892562 0.04032258064516129
2 0.4368512396694215 0.24506823821339951 0.04725619834710744 0.07078163771712158
1 0.31844628099173555 0.2624751861042184 0.13441322314049586 0.10807692307692307
2 0.10590082644628097 0.2668114143920596 0.03990082644628099 0.05719602977667494
2 0.180801652892562 0.33042183622828786 0.04094214876033058 0.055384615384615386
1 0.628900826446281 0.3407506203473945 0.18011570247933884 0.14800248138957817
2 0.34487603305785125 0.356439205955335 0.07157024793388429 0.08260545905707196
2 0.843793388429752 0.561575682382134 0.0842809917355372 0.11074441687344914
1 0.39141322314049587 0.6173697270471464 0.2836528925619835 0.2818858560794045
2 0.8087685950413224 0.8316129032258064 0.14315702479338843 0.08754342431761787
1 0.21976033057851238 0.10629652605459057 0.06266115702479338 0.03393300248138958