3 0.17798347107438017 0.01827543424317618 0.03530578512396694 0.03158808933002481
3 0.7959999999999999 0.2602791563275434 0.19365289256198345 0.1284987593052109
1 0.29159504132231406 0.3132630272952854 0.15674380165289256 0.1277667493796526
2 0.038322314049586775 0.335347394540943 0.06672727272727272 0.06523573200992555
1 0.6234628099173554 0.34030397022332504 0.16262809917355373 0.13470223325062033
1 0.4428429752066116 0.04393300248138957 0.03940495867768595 0.028312655086848635
3 0.6828595041322314 0.6163213399503722 0.21861157024793387 0.2847518610421836
2 0.04538842975206612 0.09682382133995036 0.018049586776859503 0.027394540942928036
2 0.3074297520661157 0.10066997518610422 0.019818181818181818 0.035086848635235736
2 0.26255371900826446 0.10135235732009926 0.02593388429752066 0.02900744416873449
2 0.08759504132231405 0.1009305210918114 0.02312396694214876 0.03064516129032258
1 0.5039504132231405 0.10530397022332506 0.059140495867768594 0.04683622828784119