1 0.7925371900826447 0.34126550868486355 0.03796694214876033 0.02248138957816377
3 0.716603305785124 0.34879652605459055 0.04477685950413223 0.05243176178660049
1 0.8016363636363637 0.37267990074441687 0.039636363636363636 0.028238213399503723
1 0.7701239669421488 0.4041501240694789 0.05264462809917356 0.03658808933002481
2 0.35351239669421486 0.40516749379652606 0.016115702479338842 0.026215880893300247
1 0.561603305785124 0.4337468982630273 0.06535537190082645 0.04367245657568239
2 0.32469421487603306 0.44036600496277917 0.02790082644628099 0.0395409429280397
1 0.7902892561983471 0.45813895781637715 0.07644628099173553 0.060198511166253105
2 0.015818181818181818 0.5275248138957817 0.028330578512396697 0.03767990074441688
3 0.4905537190082644 0.5523014888337469 0.16788429752066114 0.16167493796526056
3 0.7281735537190083 0.5579776674937965 0.13733884297520663 0.1556575682382134
1 0.2346611570247934 0.7759615384615384 0.2511404958677686 0.15241935483870966