1 0.4061322314049587 0.1819090909090909 0.06185123966942149 0.06629752066115703
1 0.20142148760330578 0.19080165289256198 0.10532231404958678 0.12044628099173554
2 0.30436363636363634 0.2431487603305785 0.02690909090909091 0.056545454545454545
1 0.474297520661157 0.25203305785123964 0.07256198347107438 0.07761983471074381
2 0.20953719008264463 0.35958677685950413 0.03560330578512397 0.06132231404958678
0 0.5239586776859504 0.38878512396694215 0.1355206611570248 0.16930578512396696
2 0.4179090909090909 0.44199173553719 0.03581818181818182 0.0707603305785124
2 0.336 0.4790661157024793 0.04059504132231405 0.07879338842975207
2 0.13686776859504132 0.4932892561983471 0.058859504132231406 0.08409917355371901
2 0.19701652892561983 0.5807438016528926 0.05684297520661157 0.1003305785123967
2 0.34631404958677686 0.7577851239669421 0.057917355371900826 0.12052892561983472
2 0.03866942148760331 0.8870578512396694 0.07733884297520661 0.16089256198347107
1 0.3755619834710744 0.09995867768595042 0.030462809917355373 0.031322314049586776
1 0.1537272727272727 0.1572809917355372 0.052909090909090906 0.0567107438016529