2 0.8003223140495868 0.3104710743801653 0.02378512396694215 0.03581818181818182
2 0.6360165289256199 0.3158264462809917 0.022446280991735536 0.036611570247933885
2 0.7115867768595041 0.3190909090909091 0.024826446280991735 0.036528925619834715
1 0.3125950413223141 0.32834710743801654 0.10287603305785124 0.06165289256198347
2 0.7547355371900827 0.35720661157024797 0.025173553719008264 0.04333884297520661
2 0.5377603305785125 0.3575702479338843 0.02428099173553719 0.04406611570247934
2 0.6449669421487603 0.39293388429752063 0.037041322314049586 0.0784297520661157
2 0.34848760330578515 0.40575206611570247 0.03581818181818182 0.06109090909090909
2 0.6472644628099175 0.40561157024793393 0.02841322314049587 0.05089256198347107
2 0.7924545454545454 0.4410578512396694 0.03780165289256199 0.05566942148760331
2 0.8879338842975207 0.4463636363636364 0.03371900826446281 0.056363636363636366
1 0.6685619834710744 0.5630909090909091 0.16026446280991735 0.19064462809917357
2 0.23931404958677685 0.5817190082644628 0.05548760330578512 0.08905785123966943
2 0.4556446280991736 0.767396694214876 0.06170247933884297 0.11661157024793388
2 0.9647272727272727 0.7796859504132231 0.055074380165289254 0.11474380165289257