1 0.8652892561983471 0.423404958677686 0.02809917355371901 0.023669421487603308
1 0.7947685950413222 0.44931404958677684 0.042429752066115704 0.03581818181818182
1 0.9745454545454546 0.45582644628099167 0.03834710743801653 0.0356198347107438
0 0.7267685950413223 0.5697355371900826 0.16758677685950413 0.20723966942148758
2 0.5397851239669421 0.5790165289256198 0.028330578512396697 0.03406611570247934
2 0.8924545454545454 0.5964462809917356 0.02953719008264463 0.04247933884297521
2 0.4593553719008265 0.6453388429752066 0.04267768595041322 0.060925619834710745
2 0.546900826446281 0.6593553719008265 0.03925619834710744 0.05920661157024793
1 0.916388429752066 0.747595041322314 0.14021487603305785 0.1927107438016529
2 0.30465289256198347 0.7565123966942149 0.0638512396694215 0.07170247933884298
2 0.6472231404958677 0.8403140495867768 0.06469421487603307 0.10707438016528925
2 0.1988512396694215 0.8853636363636364 0.10018181818181818 0.12114049586776861