1 0.15578512396694214 0.1426178660049628 0.0603305785123967 0.03461538461538461
1 0.08508264462809918 0.15854838709677418 0.06107438016528926 0.03918114143920595
2 0.1410495867768595 0.18397642679900744 0.02424793388429752 0.032965260545905706
1 0.29210743801652894 0.19454094292803972 0.0784297520661157 0.06401985111662531
2 0.20125619834710745 0.25707196029776674 0.02565289256198347 0.03523573200992556
1 0.3718925619834711 0.2628908188585608 0.10246280991735537 0.07168734491315136
2 0.23149586776859504 0.2946588089330025 0.03654545454545455 0.04093052109181142
2 0.12791735537190083 0.3518052109181142 0.0475702479338843 0.060930521091811414
1 0.4639504132231405 0.38828784119106696 0.18079338842975207 0.14630272952853599
2 0.08494214876033059 0.45944789081885856 0.06409917355371901 0.07770471464019851
1 0.23104132231404959 0.6744602977667494 0.2769586776859504 0.29433002481389575
1 0.8074380165289257 0.8492555831265509 0.38181818181818183 0.29652605459057074