1 0.5493636363636364 0.1849565756823821 0.07062809917355371 0.04733250620347394
1 0.7252066115702479 0.21566997518610423 0.06198347107438017 0.024392059553349877
1 0.708495867768595 0.02382133995037221 0.021950413223140494 0.015384615384615385
1 0.8194462809917356 0.027016129032258064 0.02897520661157025 0.019292803970223326
3 0.7014545454545454 0.32188585607940445 0.16654545454545455 0.19712158808933003
3 0.7900743801652893 0.032648883374689824 0.03304132231404958 0.030558312655086847
0 0.18077685950413225 0.33689205955334983 0.35824793388429754 0.23457816377171214
1 0.7374545454545455 0.036352357320099254 0.026975206611570247 0.018114143920595533
3 0.3476446280991735 0.4086476426799007 0.20603305785123968 0.19198511166253102
1 0.8221157024793389 0.04971464019851116 0.03431404958677686 0.02250620347394541
1 0.6882644628099173 0.0562468982630273 0.0343801652892562 0.028126550868486356
1 0.3964793388429752 0.6890570719602978 0.2904793388429752 0.21434243176178658
1 0.7689586776859505 0.074075682382134 0.04039669421487604 0.029044665012406948