0 0.6438842975206612 0.4656079404466501 0.3555371900826446 0.16446650124069478
2 0.8430661157024794 0.5278411910669976 0.06629752066115703 0.06560794044665012
2 0.4202314049586777 0.5916315136476427 0.10988429752066116 0.061674937965260544
2 0.9596198347107439 0.6042493796526054 0.068 0.06705955334987593
1 0.6422148760330579 0.631029776674938 0.3654214876033058 0.20002481389578164
2 0.06228925619834711 0.6383312655086849 0.11796694214876034 0.09055831265508685
2 0.16019008264462808 0.6635794044665013 0.16500826446280992 0.10879652605459057
2 0.9221652892561983 0.7862096774193548 0.10218181818181818 0.10343672456575682
2 0.08314049586776859 0.9052233250620347 0.16628099173553718 0.1503970223325062
1 0.26776859504132233 0.913151364764268 0.5355371900826447 0.17121588089330025
2 0.9041652892561983 0.9522456575682382 0.13229752066115705 0.09307692307692307