1 0.7417552083333334 0.168375 0.022052083333333337 0.029342592592592594
1 0.6930911458333333 0.2288888888888889 0.036182291666666665 0.05222222222222222
1 0.8240130208333334 0.23655555555555555 0.032401041666666665 0.03237037037037037
1 0.814921875 0.28272222222222226 0.05067708333333333 0.06174074074074075
2 0.7560885416666667 0.2883703703703704 0.01634375 0.04711111111111111
2 0.6615729166666667 0.30388425925925927 0.02002083333333333 0.05591666666666667
1 0.8142578125 0.33352314814814815 0.06809895833333333 0.07260185185185185
2 0.7273177083333333 0.3374583333333333 0.01921875 0.05269444444444444
1 0.8031510416666666 0.44149074074074074 0.08859375 0.1477962962962963
2 0.7171614583333333 0.4956157407407407 0.03536458333333334 0.10604629629629629
1 0.5362421875 0.5001296296296296 0.141234375 0.18914814814814815
1 0.7679609375 0.6471388888888888 0.13383854166666667 0.2868703703703704