2 0.32973553719008264 0.1295967741935484 0.021454545454545455 0.03834987593052109
2 0.08106611570247935 0.14594913151364766 0.02659504132231405 0.03879652605459057
2 0.02081818181818182 0.18216501240694788 0.03171900826446281 0.039267990074441685
2 0.25016528925619835 0.19679280397022333 0.030909090909090907 0.038746898263027296
3 0.8541239669421488 0.26366625310173697 0.19750413223140495 0.1377543424317618
3 0.24164462809917353 0.028622828784119106 0.07337190082644628 0.054764267990074444
3 0.5661652892561984 0.3133560794044665 0.14720661157024795 0.19246898263027296
2 0.9652892561983472 0.34491315136476425 0.06942148760330578 0.12655086848635236
1 0.733099173553719 0.3732692307692308 0.16041322314049586 0.11874689826302728
1 0.520495867768595 0.006898263027295285 0.0228099173553719 0.01379652605459057
1 0.5249090909090909 0.06562655086848634 0.03494214876033058 0.029516129032258063
1 0.5959090909090908 0.08110421836228289 0.048016528925619834 0.0356575682382134
1 0.5878347107438017 0.009100496277915633 0.021950413223140494 0.015719602977667495
2 0.18880165289256198 0.10284119106699752 0.017272727272727273 0.03446650124069479
2 0.160099173553719 0.11652605459057072 0.01937190082644628 0.03950372208436725
2 0.11792561983471074 0.11760545905707195 0.020975206611570246 0.03421836228287841