2 0.6466859504132232 0.17904132231404957 0.03056198347107438 0.047338842975206616
2 0.38949586776859507 0.2023884297520661 0.02527272727272727 0.03452892561983471
2 0.5843636363636364 0.2629173553719008 0.0216198347107438 0.0431900826446281
2 0.7892231404958678 0.28465289256198345 0.04456198347107438 0.05690909090909091
1 0.6048181818181818 0.03209090909090909 0.02616528925619835 0.024512396694214875
2 0.2751322314049587 0.35738842975206614 0.03125619834710744 0.05692561983471074
0 0.4296859504132231 0.36616528925619835 0.23788429752066115 0.38522314049586776
1 0.6993223140495868 0.04096694214876033 0.03335537190082644 0.03234710743801653
1 0.9392809917355371 0.41707438016528925 0.11988429752066115 0.17960330578512396
2 0.8358842975206611 0.45460330578512403 0.04532231404958678 0.07284297520661157
1 0.6350082644628099 0.05 0.01712396694214876 0.02727272727272727
2 0.7436115702479339 0.5172231404958678 0.052512396694214876 0.10221487603305786
1 0.5881570247933884 0.05480165289256198 0.029206611570247936 0.030264462809917354
1 0.7317933884297521 0.08004132231404958 0.05201652892561983 0.05429752066115703
2 0.582107438016529 0.09795867768595042 0.020413223140495866 0.040545454545454544
1 0.517801652892562 0.11206611570247933 0.05709090909090909 0.05553719008264463
2 0.4252314049586777 0.14354545454545453 0.02071074380165289 0.03585123966942149