1 0.7413932291666666 0.1690324074074074 0.021328125 0.028805555555555556
1 0.8240911458333334 0.20701851851851852 0.028390625 0.02514814814814815
1 0.8243854166666666 0.2161435185185185 0.030020833333333333 0.030435185185185183
1 0.82340625 0.24579166666666666 0.0311875 0.03602777777777778
1 0.8153463541666667 0.3229166666666667 0.06402604166666667 0.06805555555555555
1 0.676921875 0.3336435185185185 0.07467708333333332 0.09691666666666666
2 0.7413776041666666 0.35737500000000005 0.026505208333333332 0.06660185185185186
2 0.5827343749999999 0.3765462962962963 0.03526041666666667 0.06420370370370371
1 0.8029895833333334 0.4443240740740741 0.08931249999999999 0.16272222222222224
2 0.48464583333333333 0.6340925925925925 0.065125 0.1515185185185185
1 0.7679296875 0.6554861111111111 0.132734375 0.2906018518518519
2 0.2949583333333333 0.8378611111111111 0.09929166666666665 0.17016666666666666