3 0.7033307291666666 0.2441111111111111 0.037911458333333335 0.047481481481481486
1 0.7286536458333334 0.27522222222222226 0.043765625 0.055999999999999994
2 0.5041770833333333 0.315 0.0260625 0.07814814814814815
1 0.06395572916666667 0.31725 0.12791145833333334 0.2270925925925926
1 0.18140885416666666 0.3181388888888889 0.11906770833333334 0.14553703703703705
2 0.592234375 0.3213425925925926 0.019885416666666666 0.03342592592592593
2 0.44572135416666664 0.3501990740740741 0.04144270833333333 0.09299074074074075
2 0.6472526041666666 0.3680277777777778 0.027838541666666668 0.07679629629629629
2 0.14177864583333336 0.39581481481481484 0.08043229166666667 0.22681481481481483
1 0.8044270833333333 0.4490138888888889 0.09010416666666667 0.1665462962962963
2 0.6704296875 0.4716018518518518 0.028359375000000003 0.06912962962962962