0 0.6921239669421488 0.3959615384615384 0.042099173553719005 0.04006203473945409
1 0.39234710743801654 0.5802419354838709 0.10700826446280991 0.0587468982630273
1 0.87000826446281 0.61136476426799 0.11687603305785123 0.07384615384615385
2 0.9712479338842975 0.6423511166253102 0.04166942148760331 0.07130272952853597
0 0.46825619834710747 0.6668920595533498 0.22907438016528925 0.19730769230769232
2 0.6847933884297521 0.6678970223325063 0.04727272727272727 0.06532258064516129
2 0.26516528925619837 0.7224379652605458 0.06090909090909091 0.06522332506203474
2 0.13360330578512397 0.7231327543424318 0.05563636363636363 0.08150124069478908
2 0.8104545454545454 0.7337220843672456 0.06057851239669421 0.07786600496277915
2 0.707603305785124 0.7959801488833746 0.06644628099173554 0.07583126550868487
1 0.9165289256198347 0.8238213399503722 0.16363636363636364 0.16129032258064516
1 0.30199173553719005 0.8337965260545905 0.2072892561983471 0.13409429280397023
1 0.4049586776859504 0.8995037220843672 0.2611570247933884 0.19851116625310175
2 0.9743801652892562 0.9367245657568238 0.0512396694214876 0.10421836228287841
2 0.9314049586776859 0.9633995037220844 0.0743801652892562 0.0707196029776675