1 0.20356198347107438 0.12715260545905707 0.0732396694214876 0.06571960297766749
1 0.46009917355371904 0.12844292803970225 0.064 0.04844913151364764
1 0.15532231404958677 0.16147022332506206 0.0792396694214876 0.059913151364764265
1 0.27506611570247935 0.16412531017369728 0.0972396694214876 0.08755583126550867
2 0.04809090909090909 0.16462779156327542 0.0267603305785124 0.038933002481389575
2 0.5483388429752066 0.2378349875930521 0.03882644628099173 0.06872208436724565
2 0.2975371900826446 0.24779156327543425 0.036396694214876034 0.05389578163771712
2 0.3515371900826446 0.25509925558312657 0.045223140495867765 0.06602977667493796
2 0.42430578512396694 0.26235111662531013 0.04530578512396694 0.07557071960297766
2 0.5069173553719009 0.2668548387096774 0.05185123966942149 0.0721712158808933
2 0.397 0.32998138957816375 0.053504132231404954 0.07683622828784119
2 0.16135537190082647 0.34929900744416875 0.05494214876033058 0.07080645161290322
2 0.5972644628099174 0.3599627791563275 0.05072727272727273 0.06732009925558312
1 0.3007851239669421 0.3847704714640198 0.18834710743801653 0.1640818858560794
2 0.4641487603305785 0.3885111662531017 0.06879338842975206 0.08967741935483871
1 0.7973884297520661 0.5697456575682383 0.3154380165289256 0.26356079404466504
2 0.47343801652892564 0.6160918114143921 0.08737190082644627 0.11059553349875931
2 0.03471900826446281 0.661470223325062 0.06943801652892562 0.10954094292803972
1 0.4991735537190083 0.8982630272952854 0.9983471074380166 0.20099255583126552
1 0.31122314049586774 0.0994106699751861 0.053851239669421486 0.03753101736972705