3 0.06942148760330578 0.1480397022332506 0.06942148760330578 0.06531017369727048
1 0.233900826446281 0.1543300248138958 0.02813223140495868 0.0332258064516129
1 0.5625289256198347 0.1555272952853598 0.05067768595041322 0.03313895781637717
1 0.19478512396694214 0.19647022332506203 0.05899173553719008 0.04058312655086849
2 0.41054545454545455 0.20377171215880893 0.024396694214876034 0.03781637717121588
2 0.39194214876033057 0.2903225806451613 0.04008264462809917 0.04714640198511166
2 0.11059504132231404 0.34786600496277914 0.03606611570247934 0.04560794044665012
1 0.7802148760330578 0.34781017369727046 0.13563636363636364 0.09760545905707196
2 0.05777685950413223 0.36954094292803974 0.03621487603305785 0.0467741935483871
2 0.5061818181818182 0.4089578163771712 0.03715702479338843 0.0486848635235732
2 0.5193223140495867 0.5265880893300249 0.03699173553719008 0.07054590570719603
2 0.8702314049586777 0.7668114143920595 0.09087603305785123 0.1316377171215881
3 0.4623884297520661 0.10897022332506204 0.03552066115702479 0.034317617866004964
1 0.5253223140495867 0.11501861042183623 0.032462809917355374 0.029044665012406948