1 0.7414531249999999 0.16832407407407407 0.021447916666666667 0.027388888888888886
1 0.8230989583333332 0.20788425925925924 0.02744791666666667 0.028731481481481483
1 0.8243098958333334 0.23744907407407406 0.03299479166666667 0.03230555555555555
1 0.8132473958333333 0.33156944444444447 0.06711979166666666 0.0779537037037037
2 0.7346223958333333 0.3514027777777778 0.020286458333333333 0.045398148148148146
2 0.6050703125 0.4106342592592593 0.037223958333333335 0.08793518518518519
1 0.8032864583333333 0.4438287037037037 0.09094791666666667 0.1487685185185185
2 0.6533697916666666 0.47338425925925925 0.037989583333333334 0.09862037037037037
2 0.7049244791666667 0.48264814814814816 0.036932291666666665 0.09862962962962962
2 0.5243541666666667 0.5067314814814815 0.042458333333333334 0.10975925925925926
1 0.7684895833333333 0.6508657407407407 0.1359375 0.29247222222222224
2 0.6640442708333333 0.6597916666666667 0.05413020833333334 0.14180555555555557
2 0.579421875 0.7799675925925926 0.05676041666666667 0.15623148148148147