1 0.6070826446280992 0.20803970223325063 0.05383471074380165 0.028982630272952854
1 0.5955785123966942 0.248939205955335 0.06388429752066116 0.04130272952853598
2 0.7600082644628099 0.3048697270471464 0.025801652892561984 0.05142679900744417
1 0.43201652892561987 0.3087531017369727 0.08717355371900827 0.06415632754342432
1 0.6064876033057851 0.31333746898263026 0.10223140495867769 0.08325062034739453
2 0.21455371900826448 0.3285918114143921 0.029107438016528923 0.0442803970223325
2 0.29070247933884297 0.3632816377171216 0.03925619834710744 0.07147642679900744
2 0.3773388429752066 0.3769602977667494 0.034016528925619835 0.046724565756823815
2 0.1092314049586777 0.3811786600496278 0.039950413223140496 0.06012406947890819
2 0.7620247933884298 0.4005893300248139 0.043057851239669424 0.054280397022332505
1 0.5617272727272727 0.40120347394540945 0.1317190082644628 0.09024813895781637
2 0.19364462809917354 0.405818858560794 0.033570247933884294 0.04488833746898263
2 0.23076859504132233 0.4206017369727047 0.03509090909090909 0.04715880893300248
2 0.13654545454545455 0.44122828784119106 0.05490909090909091 0.06856079404466502
2 0.42955371900826445 0.4534677419354839 0.049190082644628104 0.08311414392059553
2 0.34724793388429753 0.45677419354838705 0.05647933884297521 0.0798014888337469
1 0.9206611570247933 0.48759305210918114 0.15537190082644628 0.16377171215880892
1 0.1828181818181818 0.5267679900744416 0.20365289256198346 0.13294044665012408
2 0.5789586776859503 0.579559553349876 0.08684297520661156 0.08964019851116625
2 0.661198347107438 0.6604652605459057 0.09264462809917355 0.09016129032258065
1 0.32419008264462806 0.7604590570719604 0.3012727272727273 0.2951116625310174
2 0.6927438016528926 0.7717928039702234 0.09292561983471075 0.1614516129032258
2 0.9592396694214876 0.8411042183622828 0.08046280991735537 0.13878411910669974