1 0.8689834710743802 0.18997518610421837 0.022264462809917358 0.020148883374689824
1 0.8502231404958678 0.2124317617866005 0.02771900826446281 0.01791563275434243
1 0.6427933884297521 0.21935483870967742 0.03269421487603306 0.01935483870967742
1 0.6018264462809918 0.24271712158808934 0.04001652892561983 0.023895781637717124
1 0.4501570247933885 0.2661848635235732 0.06064462809917355 0.028647642679900744
1 0.8573223140495867 0.2699317617866005 0.04852892561983471 0.031178660049627792
2 0.4522314049586777 0.30257444168734493 0.021818181818181816 0.02946650124069479
2 0.3304380165289256 0.32950992555831266 0.022859504132231406 0.04115384615384616
2 0.30771074380165286 0.39469602977667495 0.036909090909090905 0.04497518610421836
2 0.041801652892561984 0.44888957816377173 0.0472396694214876 0.05162531017369727
2 0.1102892561983471 0.45559553349875925 0.04206611570247934 0.055111662531017375
1 0.21301652892561984 0.4584305210918114 0.15165289256198347 0.09055831265508685
3 0.7838264462809917 0.5059677419354839 0.16269421487603306 0.2178908188585608
2 0.012413223140495868 0.5638833746898263 0.024826446280991735 0.09054590570719603