2 0.6026528925619835 0.41823200992555837 0.035057851239669424 0.044900744416873445
1 0.9683966942148761 0.4623263027295285 0.06241322314049586 0.05616625310173698
2 0.33881818181818185 0.4631017369727047 0.04953719008264463 0.060198511166253105
2 0.36134710743801657 0.5154528535980148 0.061537190082644626 0.05571960297766749
2 0.4135206611570248 0.53924317617866 0.06340495867768595 0.07600496277915632
2 0.7154545454545455 0.5419727047146402 0.04247933884297521 0.06161290322580645
2 0.11299999999999999 0.5493362282878411 0.09046280991735536 0.05400744416873449
2 0.5828181818181819 0.5506203473945409 0.054892561983471075 0.05161290322580645
2 0.8085289256198348 0.5760669975186105 0.04350413223140496 0.06280397022332505
2 0.26745454545454544 0.6020161290322581 0.08201652892561984 0.06507444168734491
2 0.44538016528925617 0.618802729528536 0.07092561983471074 0.08872208436724566
2 0.6113471074380166 0.7213461538461539 0.06897520661157024 0.07792803970223325
2 0.09169421487603306 0.7400558312655087 0.15694214876033058 0.14264267990074442
1 0.8667603305785124 0.7431389578163772 0.2293884297520661 0.2604714640198511
2 0.35412396694214876 0.7646464019851116 0.11981818181818181 0.12482630272952853
2 0.46411570247933887 0.7750868486352358 0.10509090909090908 0.1084863523573201
2 0.5122561983471074 0.8700496277915633 0.12533884297520662 0.13464019851116624