1 0.848504132231405 0.5236104218362283 0.17634710743801651 0.07699751861042184
1 0.9898429752066116 0.5242617866004963 0.016049586776859505 0.048523573200992556
2 0.9399421487603306 0.5627977667493796 0.05839669421487603 0.05363523573200992
2 0.8628264462809917 0.6137965260545906 0.05953719008264463 0.07622828784119107
2 0.6836611570247934 0.6208622828784119 0.0912892561983471 0.06802729528535979
2 0.9438512396694214 0.65287841191067 0.07613223140495869 0.06506203473945409
2 0.7926363636363637 0.6647952853598016 0.08444628099173554 0.08889578163771712
2 0.18985950413223143 0.6732258064516129 0.15492561983471076 0.08342431761786599
2 0.0725785123966942 0.7656265508684864 0.14185123966942148 0.09949131513647642
2 0.11104958677685951 0.8388027295285361 0.21548760330578512 0.12425558312655087
1 0.7801652892561983 0.8566997518610422 0.43636363636363634 0.2816377171215881