1 0.5375702479338843 0.13658188585607942 0.06026446280991736 0.04239454094292804
2 0.29323140495867767 0.14944789081885856 0.024479338842975207 0.030905707196029777
2 0.052256198347107444 0.16918114143920598 0.025173553719008264 0.043076923076923075
2 0.032991735537190085 0.20588089330024814 0.029619834710743805 0.049478908188585614
2 0.3269917355371901 0.2966315136476427 0.042413223140495865 0.0548014888337469
3 0.7742148760330578 0.33642059553349873 0.18644628099173552 0.17160049627791563
1 0.5311652892561983 0.035074441687344915 0.021008264462809918 0.015558312655086847
2 0.2219256198347107 0.34867866004962783 0.030628099173553722 0.047233250620347396
1 0.5096033057851239 0.06786600496277916 0.03408264462809917 0.024069478908188585
2 0.14359504132231404 0.6963647642679901 0.07561983471074381 0.10488833746898264
1 0.5493057851239669 0.08259925558312656 0.040760330578512395 0.031203473945409427
1 0.4350661157024793 0.08978908188585609 0.03376859504132231 0.02821339950372208
2 0.20129752066115703 0.1033560794044665 0.022429752066115704 0.03053349875930521
1 0.42009090909090907 0.11020471464019851 0.05340495867768595 0.04174937965260546