1 0.5272231404958678 0.30115384615384616 0.019735537190082645 0.014218362282878413
1 0.32106611570247934 0.3396588089330025 0.03386776859504132 0.024230769230769233
3 0.1349421487603306 0.35341191066997524 0.0616198347107438 0.05173697270471465
0 0.39971900826446277 0.3624317617866005 0.06555371900826445 0.06233250620347395
2 0.2608677685950413 0.36728287841191065 0.02256198347107438 0.029851116625310172
2 0.16773553719008266 0.43352357320099255 0.02472727272727273 0.03578163771712159
2 0.008264462809917356 0.46753722084367244 0.01652892561983471 0.04425558312655087
1 0.5062975206611571 0.4821898263027295 0.09028099173553719 0.073560794044665
1 0.07572727272727273 0.4877853598014888 0.08864462809917356 0.05745657568238214
1 0.7033719008264463 0.5100992555831265 0.1075702479338843 0.07975186104218362
1 0.6288264462809917 0.732772952853598 0.19319008264462809 0.14048387096774195