1 0.7417395833333333 0.16833333333333333 0.0199375 0.02925925925925926
1 0.69253125 0.22796759259259258 0.03922916666666666 0.052231481481481476
1 0.8246484375 0.23674537037037038 0.033671875000000004 0.032749999999999994
1 0.8147864583333334 0.27973148148148147 0.05040625 0.061314814814814815
2 0.7599947916666667 0.31569444444444444 0.01894791666666667 0.055462962962962964
1 0.8133046875000001 0.33211111111111113 0.06619270833333334 0.07162962962962963
2 0.7235416666666666 0.335375 0.018958333333333334 0.04482407407407407
2 0.6346848958333333 0.3850138888888889 0.040203125 0.07002777777777777
1 0.8028828125 0.4430185185185185 0.08909895833333333 0.14529629629629628
1 0.47455729166666666 0.510787037037037 0.14807291666666667 0.21416666666666667
1 0.5973124999999999 0.5942453703703704 0.17170833333333332 0.22552777777777777
1 0.7675208333333333 0.6485324074074074 0.13399999999999998 0.29521296296296295
2 0.6477421875 0.7609490740740741 0.06735937500000001 0.2200462962962963