1 0.5769669421487603 0.17601652892561984 0.11261157024793388 0.12723966942148762
2 0.3104049586776859 0.18555371900826448 0.03568595041322314 0.08019834710743802
1 0.398801652892562 0.2213801652892562 0.11 0.12540495867768595
2 0.07122314049586777 0.23414876033057852 0.046578512396694215 0.06168595041322314
1 0.19134710743801653 0.29691735537190084 0.14798347107438017 0.1508595041322314
2 0.6786942148760331 0.459702479338843 0.05160330578512397 0.10287603305785124
3 0.4235371900826446 0.057190082644628104 0.07352066115702478 0.11438016528925621
1 0.5327603305785124 0.07304958677685951 0.06386776859504133 0.07667768595041323
3 0.35105785123966937 0.7480743801652893 0.23930578512396694 0.46143801652892563
1 0.715702479338843 0.7679008264462811 0.2975206611570248 0.45480991735537196
2 0.3616776859504132 0.13261157024793388 0.025834710743801653 0.05034710743801653
1 0.2534214876033058 0.14037190082644627 0.09692561983471075 0.0956198347107438