3 0.5707520661157025 0.1778349875930521 0.07373553719008265 0.05542183622828784
2 0.6267107438016529 0.20446029776674937 0.020363636363636365 0.026786600496277915
2 0.43590909090909097 0.27194168734491314 0.028842975206611568 0.0351985111662531
2 0.3744214876033058 0.29326302729528536 0.03148760330578512 0.04310173697270472
2 0.29171900826446284 0.3083560794044665 0.02806611570247934 0.038548387096774196
1 0.7217190082644628 0.30957196029776674 0.0847603305785124 0.05834987593052109
2 0.1945702479338843 0.32704094292803976 0.03211570247933884 0.04366004962779156
2 0.15733884297520662 0.3671588089330025 0.04360330578512397 0.04200992555831266
2 0.07373553719008265 0.40949751861042183 0.05490909090909091 0.06465260545905707
3 0.3743636363636364 0.5278411910669976 0.2462479338842975 0.23682382133995036
1 0.5922396694214876 0.7474317617866005 0.2654710743801653 0.21942928039702234