1 0.7774049586776859 0.41740495867768596 0.03414876033057851 0.03811570247933884
1 0.7053471074380165 0.42451239669421487 0.03548760330578512 0.03249586776859504
3 0.8562561983471074 0.42696694214876035 0.049702479338842975 0.06715702479338843
1 0.6943471074380165 0.46215702479338844 0.05315702479338842 0.04828099173553719
1 0.8790661157024794 0.49165289256198347 0.0655702479338843 0.057685950413223136
2 0.5811652892561984 0.5060413223140495 0.021834710743801656 0.04018181818181818
2 0.8603636363636363 0.6132975206611571 0.03477685950413223 0.05965289256198348
2 0.7751157024793388 0.6407438016528926 0.04279338842975207 0.08479338842975206
1 0.31235537190082646 0.6459752066115703 0.24785123966942146 0.23740495867768593
1 0.4710413223140496 0.7174545454545455 0.16191735537190083 0.16548760330578513
1 0.8207272727272727 0.7630165289256199 0.13732231404958678 0.17727272727272728
1 0.9728016528925619 0.893487603305785 0.05138842975206612 0.21011570247933886