1 0.3111404958677686 0.14205334987593052 0.06360330578512396 0.04589330024813896
1 0.20520661157024794 0.17003101736972706 0.07983471074380165 0.06214640198511167
1 0.4957024793388429 0.1996029776674938 0.0856198347107438 0.061736972704714635
1 0.1155702479338843 0.2175124069478908 0.08568595041322315 0.06281637717121588
2 0.4440826446280992 0.2295223325062035 0.03196694214876033 0.062022332506203474
1 0.2014297520661157 0.2558870967741936 0.14170247933884297 0.1073076923076923
2 0.43323140495867773 0.31236352357320096 0.036710743801652894 0.04904466501240695
2 0.11135537190082645 0.3612841191066997 0.0508099173553719 0.06251861042183623
2 0.26730578512396697 0.3798014888337469 0.05857851239669421 0.0747394540942928
2 0.6478925619834711 0.3918610421836228 0.052809917355371896 0.07404466501240695
2 0.3842809917355372 0.40385856079404464 0.05451239669421487 0.07074441687344914
2 0.4519917355371901 0.4129528535980149 0.07092561983471074 0.09389578163771713
2 0.5715206611570247 0.4289019851116625 0.06866115702479339 0.0736848635235732
2 0.15282644628099176 0.45727047146401983 0.07094214876033059 0.08327543424317618
2 0.46662809917355375 0.5393238213399504 0.06052892561983471 0.09353598014888337
2 0.5776694214876034 0.5862220843672457 0.08095867768595041 0.11289081885856078
2 0.7220826446280992 0.6310732009925558 0.07887603305785124 0.11326302729528537
1 0.2678429752066116 0.6730831265508684 0.3208099173553719 0.30150124069478906
2 0.644504132231405 0.7616004962779157 0.0956198347107438 0.1435483870967742