2 0.1767603305785124 0.1520347394540943 0.02294214876033058 0.031116625310173694
3 0.5583388429752066 0.18810173697270474 0.09849586776859505 0.10325062034739454
2 0.0875206611570248 0.20574441687344916 0.02628099173553719 0.034317617866004964
2 0.13844628099173553 0.20728287841191065 0.028958677685950413 0.03491315136476427
1 0.39371900826446277 0.3644665012406948 0.1560330578512397 0.1383622828784119
1 0.9198347107438016 0.4317617866004963 0.16033057851239668 0.13647642679900746
1 0.5532561983471075 0.045080645161290324 0.02882644628099174 0.02316377171215881
1 0.4623057851239669 0.059274193548387095 0.035355371900826445 0.026736972704714642
1 0.527801652892562 0.08310173697270472 0.04403305785123967 0.0371712158808933
3 0.12396694214876033 0.08448511166253102 0.0859504132231405 0.06475186104218363
1 0.4862148760330579 0.09790322580645161 0.0468099173553719 0.034516129032258064