2 0.18488429752066116 0.13081885856079403 0.025966942148760334 0.03831265508684863
2 0.4144710743801653 0.14346774193548387 0.019024793388429752 0.03879652605459057
2 0.1454297520661157 0.15137096774193548 0.026396694214876035 0.037233250620347394
1 0.3301322314049587 0.1658560794044665 0.08836363636363637 0.0686848635235732
2 0.23076859504132233 0.1664454094292804 0.028479338842975207 0.05249379652605459
2 0.22845454545454547 0.18253101736972704 0.02715702479338843 0.03503722084367245
1 0.06388429752066116 0.19911290322580646 0.10132231404958678 0.07564516129032257
1 0.5093884297520661 0.20035980148883376 0.1063801652892562 0.07813895781637717
2 0.2617768595041322 0.20408188585607942 0.03429752066115702 0.035955334987593054
2 0.1207190082644628 0.23871588089330026 0.03978512396694215 0.06303970223325062
2 0.5768099173553719 0.28527295285359805 0.056099173553719 0.0643424317617866
1 0.36326446280991737 0.36741315136476427 0.17115702479338843 0.16162531017369727
2 0.5360247933884298 0.3846712158808933 0.06047933884297521 0.07455334987593053
2 0.17446280991735535 0.4062282878411911 0.0778512396694215 0.08540942928039702
1 0.7597272727272727 0.5985483870967742 0.38557024793388434 0.4005707196029777
1 0.2919669421487603 0.7670781637717121 0.3293884297520661 0.28601736972704717
1 0.22121487603305787 0.10248138957816376 0.062264462809917355 0.05607940446650125