1 0.38334710743801653 0.20964462809917356 0.06917355371900827 0.07548760330578513
1 0.1301900826446281 0.23858677685950413 0.13145454545454546 0.15320661157024792
1 0.46411570247933887 0.30174380165289255 0.08525619834710743 0.09109090909090908
2 0.26595867768595044 0.30273553719008267 0.03274380165289256 0.06332231404958678
2 0.3180413223140496 0.3688347107438017 0.031123966942148758 0.05337190082644628
2 0.19655371900826446 0.38125619834710744 0.04269421487603305 0.0583801652892562
2 0.18071900826446283 0.4880578512396694 0.05069421487603306 0.09677685950413223
1 0.5345289256198347 0.4903719008264463 0.1731900826446281 0.2237190082644628
2 0.05315702479338842 0.5614297520661158 0.06003305785123967 0.10137190082644627
2 0.41502479338842974 0.623595041322314 0.046578512396694215 0.11991735537190082
2 0.31236363636363634 0.6827603305785124 0.052826446280991736 0.11262809917355372
2 0.13546280991735538 0.9001735537190083 0.08910743801652891 0.17059504132231404
1 0.3515206611570248 0.12101652892561984 0.03196694214876033 0.030462809917355373