1 0.824484375 0.2173240740740741 0.029177083333333336 0.02538888888888889
1 0.8234348958333333 0.24510648148148145 0.031244791666666667 0.03465740740740741
1 0.8131197916666667 0.2781296296296296 0.04498958333333333 0.03774074074074074
1 0.8152421875000001 0.3315462962962963 0.07006770833333334 0.07605555555555556
2 0.7378619791666666 0.3721898148148148 0.021557291666666666 0.05734259259259259
1 0.8046223958333333 0.44363888888888886 0.092578125 0.1595
2 0.5688776041666667 0.49469444444444444 0.04296354166666667 0.12272222222222222
2 0.39142968749999996 0.5792083333333333 0.06619270833333334 0.12878703703703703
1 0.7678984375 0.6518657407407408 0.132671875 0.2870648148148148
1 0.5779557291666666 0.6916666666666667 0.20591145833333335 0.2962962962962963
2 0.3583619791666667 0.7751111111111111 0.07818229166666667 0.17800000000000002