1 0.7417630208333333 0.17086574074074073 0.02206770833333333 0.03062037037037037
1 0.6801354166666667 0.21931944444444446 0.0363125 0.04419444444444444
3 0.7577239583333333 0.22972685185185185 0.05190625 0.08167592592592592
1 0.8149739583333333 0.33337962962962964 0.07057291666666667 0.08157407407407406
2 0.5821588541666666 0.38539351851851855 0.033067708333333334 0.07078703703703704
2 0.7101328124999999 0.3930324074074074 0.026515624999999998 0.07125000000000001
1 0.8034088541666667 0.4586712962962963 0.09015104166666667 0.17289814814814813
2 0.5115963541666667 0.45949537037037036 0.042984375 0.10787962962962963
2 0.3719036458333333 0.5650833333333333 0.06359895833333333 0.11535185185185184
2 0.2535598958333333 0.7753333333333333 0.09461979166666666 0.12844444444444444
1 0.17421875 0.9138888888888889 0.25364583333333335 0.17222222222222222