1 0.32835677083333337 0.013462962962962963 0.029630208333333335 0.02322222222222222
2 0.2431796875 0.19281944444444446 0.041567708333333335 0.1004537037037037
2 0.31071614583333335 0.21057407407407408 0.029765625 0.09522222222222222
1 0.27540885416666666 0.02335648148148148 0.027901041666666668 0.04115740740740741
2 0.3746380208333333 0.28074074074074074 0.039901041666666665 0.12074074074074075
2 0.20096614583333333 0.29463425925925923 0.051932291666666665 0.1485277777777778
1 0.49819791666666663 0.3699907407407408 0.15472916666666667 0.18257407407407408
2 0.46446614583333334 0.5505046296296295 0.06851562500000001 0.18249074074074073
2 0.7576458333333334 0.6540092592592593 0.08195833333333334 0.18209259259259258
2 0.3334947916666666 0.6994027777777778 0.08261458333333334 0.2543611111111111
2 0.8921302083333333 0.874449074074074 0.09363541666666667 0.21556481481481482