2 0.4610578512396694 0.1837520661157025 0.03947107438016529 0.08651239669421489
2 0.08193388429752066 0.1976776859504132 0.03494214876033058 0.0548595041322314
2 0.27829752066115704 0.27078512396694215 0.04089256198347107 0.07545454545454545
2 0.20253719008264462 0.28284297520661156 0.04143801652892562 0.0764297520661157
3 0.6392727272727272 0.3605206611570248 0.18763636363636363 0.29790082644628096
2 0.1231818181818182 0.4337520661157025 0.06785123966942148 0.09725619834710744
2 0.029520661157024793 0.4418677685950413 0.059041322314049585 0.10026446280991735
3 0.31634710743801653 0.6639917355371902 0.31864462809917354 0.6602148760330578
2 0.2162892561983471 0.06852892561983472 0.025966942148760334 0.03788429752066116
2 0.24930578512396695 0.07960330578512397 0.025884297520661157 0.03358677685950413
1 0.8173553719008264 0.8016528925619835 0.3487603305785124 0.3933884297520661
2 0.08801652892561984 0.8102644628099174 0.0834710743801653 0.16598347107438016
2 0.15003305785123966 0.11367768595041323 0.02899173553719008 0.042231404958677686
1 0.5788595041322314 0.14294214876033057 0.10317355371900827 0.1404297520661157
1 0.2262892561983471 0.15807438016528924 0.11538842975206612 0.1111900826446281