1 0.6250578512396695 0.1922727272727273 0.0699504132231405 0.06388429752066116
1 0.8855123966942149 0.20876859504132234 0.06854545454545455 0.07042975206611571
2 0.49151239669421487 0.21850413223140494 0.021041322314049586 0.04031404958677686
1 0.5717520661157025 0.256297520661157 0.08895867768595041 0.06300826446280991
2 0.39708264462809917 0.31989256198347105 0.03052892561983471 0.048049586776859506
2 0.7790247933884298 0.358099173553719 0.030776859504132233 0.05173553719008265
2 0.9842644628099174 0.38272727272727275 0.02803305785123967 0.058016528925619835
2 0.8835537190082644 0.4103719008264463 0.041487603305785124 0.07033057851239669
2 0.6984132231404959 0.4439917355371901 0.04145454545454545 0.08137190082644627
0 0.3995867768595041 0.5583719008264463 0.47851239669421486 0.5712892561983471
2 0.9256363636363636 0.5854876033057852 0.06614876033057852 0.10320661157024794
2 0.09364462809917355 0.5984545454545455 0.08150413223140496 0.11261157024793388
2 0.8599586776859504 0.8031487603305785 0.07363636363636362 0.122
1 0.7205619834710744 0.1413305785123967 0.036165289256198344 0.03472727272727273
2 0.7729917355371901 0.1570909090909091 0.018710743801652892 0.036495867768595036