1 0.6605537190082644 0.14706575682382134 0.0252396694214876 0.026141439205955335
1 0.6322975206611571 0.1541315136476427 0.028231404958677684 0.025384615384615384
1 0.6028595041322314 0.18692307692307691 0.028859504132231407 0.01900744416873449
1 0.6898842975206612 0.18805210918114143 0.03100826446280992 0.021265508684863526
3 0.2785371900826446 0.19647022332506203 0.06120661157024793 0.05547146401985112
1 0.5749669421487603 0.2009987593052109 0.032578512396694216 0.02730769230769231
1 0.6285702479338844 0.2630397022332506 0.06044628099173554 0.042208436724565764
2 0.1660909090909091 0.30792803970223326 0.024743801652892562 0.03521091811414392
2 0.2036528925619835 0.3707258064516129 0.037057851239669426 0.04169975186104218
2 0.2712479338842975 0.3845347394540943 0.07968595041322314 0.07428039702233251
2 0.11563636363636365 0.5515136476426798 0.06928925619834711 0.068287841191067
2 0.16308264462809915 0.6443238213399505 0.0716198347107438 0.08021091811414392
2 0.7591239669421487 0.7403101736972706 0.0967603305785124 0.1233002481389578