1 0.6490247933884298 0.13739454094292802 0.06829752066115702 0.04650124069478908
2 0.3086694214876033 0.1448697270471464 0.03552066115702479 0.0440818858560794
2 0.25399173553719007 0.15596774193548388 0.02864462809917355 0.04642679900744417
1 0.8083388429752066 0.18137096774193548 0.08279338842975208 0.062493796526054586
2 0.3676198347107438 0.2317183622828784 0.031107438016528925 0.041600496277915636
2 0.4879256198347107 0.2363213399503722 0.0436198347107438 0.06569478908188586
2 0.024322314049586777 0.29179900744416876 0.045338842975206614 0.07739454094292804
2 0.39894214876033063 0.3030397022332506 0.05408264462809917 0.05521091811414392
2 0.276099173553719 0.3103908188585608 0.04971900826446281 0.06495037220843673
1 0.5560165289256198 0.038399503722084366 0.037652892561983474 0.019727047146401985
1 0.5394793388429752 0.5839578163771713 0.17978512396694213 0.2324317617866005
2 0.412198347107438 0.10398263027295286 0.02109090909090909 0.029305210918114145
2 0.3654545454545454 0.1057940446650124 0.02677685950413223 0.03292803970223325