2 0.46487603305785125 0.4486910669975186 0.047107438016528926 0.03882133995037221
2 0.7696694214876033 0.4842431761786601 0.03851239669421488 0.04292803970223325
2 0.28862809917355375 0.5011538461538462 0.07477685950413224 0.059379652605459056
2 0.8239090909090908 0.5124627791563275 0.044512396694214876 0.06462779156327544
2 0.5329008264462809 0.5516129032258065 0.06414876033057852 0.06600496277915634
2 0.6681404958677686 0.5779652605459057 0.05694214876033058 0.06163771712158809
2 0.7408677685950413 0.5847642679900744 0.050330578512396695 0.055384615384615386
1 0.9601157024793389 0.6016687344913151 0.07890909090909091 0.18348635235732008
2 0.817702479338843 0.6272456575682382 0.06515702479338843 0.07583126550868487
1 0.12328925619834712 0.6659305210918114 0.24657851239669423 0.24749379652605458
2 0.684603305785124 0.6966811414392059 0.07664462809917355 0.08070719602977668
2 0.29319834710743803 0.714727047146402 0.12028099173553718 0.09942928039702233
1 0.6988429752066115 0.857531017369727 0.38611570247933885 0.280818858560794
2 0.36942975206611567 0.8618858560794046 0.16365289256198348 0.17042183622828785