1 0.48494214876033054 0.2901426799007444 0.027735537190082645 0.01949131513647643
1 0.5156942148760331 0.32168114143920595 0.049570247933884294 0.042866004962779154
1 0.6964297520661157 0.3342493796526054 0.04740495867768595 0.028300248138957814
1 0.6038429752066116 0.34180521091811417 0.037438016528925616 0.028523573200992552
1 0.634 0.3587406947890819 0.05477685950413223 0.04502481389578163
1 0.5045785123966942 0.3755893300248139 0.06370247933884297 0.043982630272952856
1 0.49596694214876036 0.42046526054590566 0.07292561983471074 0.05681141439205955
2 0.03876859504132231 0.47799007444168734 0.03125619834710744 0.03786600496277916
1 0.43240495867768597 0.47946029776674937 0.10447933884297521 0.08050868486352357
1 0.40800000000000003 0.5447766749379653 0.11186776859504133 0.08459057071960299
1 0.63299173553719 0.6243424317617866 0.1453223140495868 0.10724565756823821
1 0.45119834710743806 0.7826364764267991 0.22471074380165287 0.16576923076923078