1 0.4077603305785124 0.13537841191066996 0.07833057851239669 0.06976426799007444
2 0.32002479338842976 0.1440198511166253 0.028479338842975207 0.042382133995037215
2 0.11477685950413223 0.21630893300248138 0.034512396694214874 0.04303970223325062
1 0.43046280991735536 0.22767990074441685 0.10059504132231405 0.10052109181141439
2 0.1853801652892562 0.22960918114143922 0.046793388429752066 0.05971464019851117
2 0.2519173553719008 0.26767369727047147 0.03441322314049587 0.048995037220843675
2 0.03290082644628099 0.2768362282878412 0.049272727272727274 0.05491315136476427
2 0.5744380165289257 0.2838957816377171 0.04474380165289256 0.06903225806451613
2 0.30715702479338847 0.3150682382133995 0.039107438016528925 0.051972704714640196
2 0.504900826446281 0.3299193548387097 0.047818181818181815 0.06926799007444169
1 0.317198347107438 0.034150124069478906 0.0360495867768595 0.03356079404466501
2 0.4366694214876033 0.4126923076923077 0.053504132231404954 0.06856079404466502
2 0.3365454545454546 0.42985732009925554 0.04829752066115702 0.07063275434243176
0 0.3904628099173554 0.04466501240694789 0.07018181818181818 0.08188585607940446
1 0.4952231404958678 0.04911910669975186 0.04829752066115702 0.0386848635235732
3 0.7322479338842975 0.5664205955334988 0.3504462809917356 0.5373076923076923
1 0.2450495867768595 0.7454528535980149 0.318198347107438 0.43631513647642683
1 0.5136363636363637 0.09813275434243177 0.05537190082644628 0.04738213399503722
1 0.19707438016528928 0.09944168734491315 0.07679338842975207 0.049999999999999996