1 0.7408958333333333 0.1695972222222222 0.02033333333333333 0.029935185185185183
1 0.6808359374999999 0.2189259259259259 0.03771354166666666 0.04711111111111111
1 0.8228541666666668 0.21985648148148149 0.031125 0.028601851851851854
1 0.8213619791666668 0.2551990740740741 0.03959895833333334 0.04928703703703703
3 0.7059270833333334 0.31097222222222226 0.08164583333333333 0.14416666666666667
2 0.630328125 0.3288935185185185 0.03044791666666667 0.06889814814814814
1 0.8153151041666666 0.3309953703703704 0.07021354166666667 0.08606481481481482
2 0.5373723958333334 0.4266111111111111 0.03724479166666667 0.0884074074074074
2 0.6470182291666667 0.45669907407407406 0.027369791666666664 0.0689537037037037
1 0.8037838541666668 0.4602361111111111 0.089859375 0.17417592592592593
2 0.6867838541666667 0.5303749999999999 0.030859375 0.07000925925925926
2 0.2557734375 0.7639953703703704 0.09383854166666666 0.13539814814814813
1 0.1734375 0.9120370370370371 0.25625 0.17407407407407408