1 0.2692479338842975 0.22190082644628098 0.09221487603305785 0.08677685950413223
1 0.5632561983471074 0.22375206611570247 0.09180165289256198 0.10700826446280991
2 0.4252066115702479 0.4047933884297521 0.043801652892561986 0.0856198347107438
1 0.5196776859504132 0.04471900826446281 0.03439669421487603 0.0332396694214876
2 0.4876115702479339 0.5302314049586777 0.056214876033057845 0.10178512396694214
2 0.3128264462809917 0.532487603305785 0.0471404958677686 0.0963801652892562
2 0.16048760330578513 0.6389504132231405 0.0664297520661157 0.12087603305785123
1 0.3268842975206611 0.0678099173553719 0.04550413223140496 0.043057851239669424
1 0.5322396694214876 0.09116528925619835 0.056214876033057845 0.0567107438016529
2 0.5504132231404959 0.9206611570247933 0.10578512396694215 0.15537190082644628
2 0.44320661157024793 0.12385950413223142 0.033520661157024796 0.03945454545454546
1 0.324 0.12350413223140495 0.06287603305785124 0.05857851239669421