2 0.5259421487603305 0.43819478908188586 0.04692561983471075 0.0525682382133995
2 0.6719669421487604 0.48333746898263025 0.04476033057851239 0.053523573200992554
2 0.7659256198347107 0.5028349875930521 0.04094214876033058 0.04785359801488834
2 0.9049256198347108 0.5359987593052109 0.054479338842975206 0.07199751861042183
1 0.36369421487603304 0.5507754342431762 0.28110743801652893 0.1511786600496278
2 0.5890826446280991 0.5754032258064515 0.06742148760330578 0.06643920595533498
2 0.8319834710743802 0.5764640198511166 0.05404958677685951 0.06856079404466502
2 0.053289256198347096 0.609968982630273 0.10327272727272727 0.08098014888337468
2 0.6691074380165289 0.662289081885856 0.08862809917355371 0.08884615384615384
1 0.8367024793388429 0.7154528535980148 0.24530578512396695 0.22495037220843672
1 0.13368595041322312 0.7693114143920596 0.26737190082644624 0.24333746898263026
2 0.26455371900826447 0.8014267990074442 0.13902479338842974 0.12394540942928041
2 0.46415702479338844 0.8163461538461538 0.11178512396694214 0.12152605459057073