1 0.42496694214876035 0.1700495867768595 0.049933884297520666 0.049190082644628104
1 0.6026115702479339 0.17127272727272727 0.05150413223140496 0.058247933884297526
1 0.4648264462809918 0.22307438016528927 0.06684297520661156 0.06928925619834711
1 0.6628099173553719 0.24663636363636365 0.09256198347107437 0.08666115702479339
1 0.3432231404958678 0.2631074380165289 0.07487603305785123 0.07332231404958678
2 0.23340495867768596 0.2962809917355372 0.023834710743801654 0.043801652892561986
2 0.633495867768595 0.3368842975206612 0.033933884297520665 0.06219834710743802
1 0.36579338842975206 0.39715702479338844 0.12332231404958678 0.13315702479338842
1 0.7680165289256198 0.41429752066115705 0.1509090909090909 0.1343801652892562
2 0.6572561983471075 0.43479338842975207 0.04178512396694215 0.07619834710743802
1 0.5925537190082645 0.5912727272727273 0.1801487603305785 0.24370247933884298
2 0.7686446280991736 0.659702479338843 0.06621487603305785 0.11279338842975206
2 0.8973553719008264 0.7427355371900827 0.07900826446280991 0.130099173553719
1 0.5646446280991736 0.11501652892561985 0.03176859504132231 0.0283801652892562
0 0.4184793388429752 0.11752892561983472 0.05679338842975207 0.07307438016528926