1 0.8335537190082645 0.14206575682382133 0.037355371900826446 0.03102977667493797
1 0.7494132231404959 0.14459057071960296 0.03436363636363636 0.02367245657568238
1 0.7736363636363637 0.18733250620347397 0.059669421487603305 0.04215880893300248
1 0.7552231404958678 0.21988213399503723 0.06581818181818182 0.04274193548387097
1 0.6636859504132231 0.2688833746898263 0.08439669421487604 0.05885856079404466
2 0.18427272727272728 0.303287841191067 0.03466115702479339 0.03337468982630273
2 0.057917355371900826 0.3031389578163772 0.029884297520661154 0.03555831265508685
2 0.02647107438016529 0.3566501240694789 0.04302479338842975 0.04332506203473946
1 0.36065289256198346 0.7241439205955335 0.31469421487603305 0.23240694789081884
1 0.7367520661157025 0.1087593052109181 0.028876033057851237 0.028933002481389577
1 0.6816446280991735 0.11308312655086848 0.03105785123966942 0.022692307692307692