2 0.482793388429752 0.12908188585607938 0.020132231404958678 0.02987593052109181
1 0.3077355371900827 0.17016749379652604 0.06009917355371901 0.04256823821339951
2 0.47409090909090906 0.18208436724565755 0.02256198347107438 0.03662531017369727
2 0.48182644628099175 0.22718982630272955 0.028115702479338846 0.04246898263027295
2 0.5466363636363636 0.2317555831265509 0.0288099173553719 0.046637717121588096
2 0.2847851239669421 0.28477667493796527 0.04395041322314049 0.06583126550868487
2 0.05736363636363636 0.31288461538461537 0.03538842975206612 0.04264267990074441
2 0.20635537190082645 0.3364950372208436 0.045768595041322316 0.0625682382133995
1 0.9537190082644628 0.34801488833746896 0.08925619834710743 0.0880893300248139
2 0.117702479338843 0.35365384615384615 0.05028099173553719 0.05718362282878412
1 0.20121487603305785 0.43645161290322576 0.16441322314049586 0.15330024813895782
2 0.724793388429752 0.4547084367245658 0.05454545454545454 0.0682258064516129
2 0.6224214876033057 0.4777977667493797 0.07128925619834711 0.07470223325062035
1 0.5822809917355372 0.0664454094292804 0.03067768595041322 0.021228287841191067
1 0.6845785123966942 0.08418114143920595 0.0336198347107438 0.029404466501240695
3 0.20296694214876032 0.09880893300248139 0.06543801652892563 0.061141439205955335
1 0.6548264462809917 0.11758684863523573 0.04353719008264463 0.03169975186104219
1 0.7416363636363636 0.1230955334987593 0.04856198347107438 0.03279156327543424