1 0.7811432291666667 0.16794444444444445 0.01749479166666667 0.019222222222222224
1 0.7412734375 0.16887037037037037 0.02108854166666667 0.028481481481481483
1 0.8237187499999999 0.21968055555555555 0.03389583333333333 0.03010185185185185
2 0.6833151041666666 0.28072685185185187 0.019755208333333333 0.04663888888888889
1 0.8162005208333334 0.33205092592592594 0.06990104166666668 0.07706481481481482
2 0.6951614583333333 0.4458287037037037 0.029906250000000002 0.08424999999999999
1 0.8033151041666666 0.4665833333333333 0.09100520833333332 0.15538888888888888
2 0.5347031250000001 0.49137962962962967 0.047531250000000004 0.09942592592592592
2 0.4764453125 0.498625 0.050807291666666664 0.09725
2 0.6296328125 0.6196342592592593 0.05509895833333334 0.1485277777777778
1 0.7683385416666667 0.6529166666666667 0.13355208333333335 0.2928703703703704
2 0.49476302083333334 0.7235694444444445 0.060359375 0.10825