2 0.7855123966942149 0.18193388429752064 0.027223140495867767 0.05973553719008264
2 0.4157603305785124 0.22649586776859504 0.031520661157024794 0.049685950413223136
2 0.7473966942148761 0.22767768595041324 0.030330578512396695 0.04213223140495868
2 0.6417272727272727 0.25778512396694214 0.03717355371900826 0.059371900826446285
2 0.2988760330578512 0.28429752066115704 0.035768595041322314 0.05950413223140496
2 0.697900826446281 0.28970247933884297 0.03712396694214876 0.06370247933884297
2 0.35268595041322315 0.32911570247933886 0.047520661157024795 0.06980165289256197
2 0.16376033057851241 0.3420909090909091 0.04652892561983471 0.06930578512396694
2 0.7861074380165289 0.4202066115702479 0.05155371900826446 0.09330578512396695
1 0.6026280991735536 0.04590082644628099 0.0416198347107438 0.042214876033057847
2 0.14766942148760331 0.47714049586776863 0.07054545454545455 0.09477685950413224
1 0.1920909090909091 0.6518429752066116 0.2850082644628099 0.31856198347107434
2 0.041801652892561984 0.6565123966942149 0.08360330578512397 0.12955371900826446
1 0.7636363636363637 0.11258677685950412 0.0628099173553719 0.06980165289256197
2 0.4637851239669421 0.11654545454545455 0.018479338842975205 0.03143801652892562
1 0.5318760330578512 0.1642396694214876 0.09185123966942149 0.08385123966942148