1 0.6428181818181817 0.14751861042183623 0.029438016528925616 0.029528535980148884
3 0.16199173553719007 0.19372208436724564 0.07935537190082645 0.05990074441687345
1 0.30641322314049585 0.20747518610421836 0.04423140495867769 0.027853598014888337
2 0.4540826446280992 0.21478908188585608 0.018909090909090907 0.02511166253101737
2 0.39682644628099173 0.2508560794044665 0.02340495867768595 0.03272952853598015
1 0.6807768595041322 0.2723076923076923 0.05576859504132232 0.0458560794044665
2 0.06735537190082645 0.2770161290322581 0.02231404958677686 0.027977667493796526
2 0.3129173553719008 0.29823821339950374 0.027487603305785122 0.04560794044665012
1 0.6226280991735537 0.3268548387096774 0.08492561983471075 0.07306451612903225
2 0.038008264462809915 0.3568238213399504 0.03304132231404958 0.04863523573200993
2 0.23021487603305785 0.4991439205955335 0.047206611570247935 0.06528535980148883
3 0.5865785123966942 0.7770781637717122 0.32687603305785123 0.4449751861042183