1 0.6294380165289256 0.147636476426799 0.022512396694214874 0.014875930521091811
1 0.6483636363636364 0.20133995037220845 0.033917355371900826 0.025508684863523572
2 0.35193388429752065 0.23180521091811415 0.022876033057851238 0.02936724565756824
1 0.25381818181818183 0.27628411910669975 0.07788429752066116 0.053808933002481386
1 0.5812148760330579 0.2853846153846154 0.0715206611570248 0.05712158808933002
2 0.4274462809917356 0.3258560794044665 0.03175206611570248 0.04129032258064516
2 0.0835702479338843 0.32820099255583124 0.028297520661157028 0.04598014888337469
2 0.011388429752066115 0.3852915632754343 0.02277685950413223 0.06586848635235733
3 0.8833471074380165 0.4200806451612903 0.17330578512396694 0.17763027295285358
2 0.032231404958677684 0.5614143920595533 0.06446280991735537 0.08312655086848635
2 0.3206528925619835 0.7677233250620347 0.07601652892561984 0.11609181141439205