2 0.6263636363636363 0.24352892561983472 0.036198347107438016 0.07383471074380166
1 0.731504132231405 0.25864462809917355 0.10433057851239669 0.11398347107438016
2 0.25874380165289257 0.2600909090909091 0.03814876033057851 0.05406611570247934
1 0.6617603305785124 0.03245454545454545 0.0375702479338843 0.04176859504132231
2 0.7589752066115703 0.4149586776859504 0.06009917355371901 0.07619834710743802
2 0.6729586776859504 0.5120661157024794 0.05666115702479339 0.10181818181818182
1 0.5987520661157025 0.05472727272727273 0.03717355371900826 0.036727272727272726
0 0.3181818181818182 0.6033057851239669 0.48760330578512395 0.7900826446280992
2 0.8742066115702479 0.6589256198347107 0.0723801652892562 0.1343801652892562
1 0.6817520661157025 0.10892561983471075 0.06763636363636363 0.07239669421487603
2 0.3658512396694215 0.16491735537190083 0.027570247933884295 0.042231404958677686