1 0.35456198347107437 0.2512344913151365 0.07771900826446282 0.07070719602977668
1 0.2176198347107438 0.2517369727047146 0.0583801652892562 0.04193548387096774
1 0.4675537190082645 0.25410669975186106 0.07890909090909091 0.06156327543424317
2 0.7582231404958678 0.3675620347394541 0.04867768595041322 0.04777915632754342
2 0.3788512396694215 0.4043548387096775 0.04365289256198347 0.06925558312655086
2 0.1216198347107438 0.4078163771712159 0.04158677685950413 0.0488833746898263
1 0.21909917355371902 0.42002481389578167 0.14067768595041322 0.1005955334987593
2 0.5742231404958678 0.45514888337468984 0.05423140495867769 0.07903225806451614
2 0.33323966942148764 0.45857320099255583 0.05490909090909091 0.07595533498759305
2 0.044454545454545455 0.46774813895781636 0.05585123966942149 0.06452853598014888
2 0.44853719008264464 0.4723883374689826 0.06071074380165289 0.11102977667493796
1 0.8236859504132231 0.5273138957816377 0.19282644628099174 0.14147642679900743
2 0.6272644628099173 0.5325310173697271 0.07105785123966943 0.07995037220843672
2 0.13302479338842976 0.5686848635235732 0.06439669421487604 0.06292803970223325
2 0.3583636363636364 0.6034863523573201 0.072099173553719 0.09531017369727046
2 0.2658429752066116 0.682363523573201 0.062264462809917355 0.10169975186104219
1 0.08385123966942148 0.7285049627791562 0.16770247933884297 0.31308933002481387
1 0.8231404958677686 0.738833746898263 0.3504132231404959 0.303970223325062
2 0.43936363636363635 0.7626985111662531 0.08203305785123967 0.12093052109181142
2 0.3214214876033058 0.9176612903225806 0.13375206611570248 0.14549627791563274