2 0.1343801652892562 0.12955955334987593 0.030743801652892564 0.03827543424317618
2 0.3532892561983471 0.132227047146402 0.03219834710743802 0.058498759305210916
2 0.5111900826446281 0.15944789081885855 0.04056198347107438 0.045942928039702235
2 0.25876033057851244 0.18263647642679898 0.034876033057851245 0.050136476426799005
2 0.5789669421487603 0.20254962779156327 0.043884297520661156 0.06266749379652606
2 0.666 0.20501240694789083 0.03943801652892562 0.04526054590570719
1 0.3722396694214876 0.022679900744416875 0.05026446280991736 0.03543424317617866
2 0.057487603305785125 0.24338709677419357 0.03894214876033058 0.047568238213399505
1 0.43658677685950414 0.27423697270471464 0.14259504132231404 0.11174937965260545
2 0.6896198347107438 0.28908808933002483 0.05692561983471074 0.06949131513647643
1 0.11582644628099174 0.3173759305210918 0.16884297520661157 0.12110421836228288
2 0.5751570247933885 0.39432382133995036 0.056099173553719 0.07152605459057072
1 0.437900826446281 0.04675558312655087 0.06257851239669421 0.04636476426799007
1 0.8130247933884297 0.4594106699751861 0.2607603305785124 0.18681141439205953
2 0.5697190082644629 0.5191935483870969 0.06505785123966942 0.09297766749379652
2 0.3275123966942149 0.5328225806451613 0.07651239669421488 0.11527295285359801
2 0.2675289256198347 0.6063461538461539 0.07555371900826446 0.11839950372208438
2 0.4581652892561983 0.7782506203473946 0.09319008264462811 0.11233250620347396
1 0.6032148760330578 0.09030397022332506 0.07915702479338843 0.07390818858560794