1 0.6243801652892562 0.16583471074380166 0.0256198347107438 0.020925619834710744
1 0.5199669421487603 0.21924793388429753 0.04158677685950413 0.03849586776859504
1 0.6398181818181817 0.2658099173553719 0.05649586776859504 0.052280991735537186
2 0.47775206611570253 0.27590909090909094 0.02327272727272727 0.04603305785123967
2 0.4045702479338843 0.3062479338842975 0.025669421487603306 0.047206611570247935
2 0.33131404958677685 0.34900000000000003 0.027917355371900827 0.043454545454545454
2 0.6523553719008265 0.3817107438016529 0.028677685950413225 0.05598347107438016
2 0.7201322314049586 0.4472396694214876 0.032 0.05811570247933884
2 0.8268842975206612 0.513909090909091 0.04385123966942149 0.07905785123966942
1 0.24097520661157024 0.5293388429752066 0.1844297520661157 0.15950413223140497
2 0.6221074380165289 0.5550826446280992 0.050826446280991734 0.06553719008264462
2 0.7655702479338843 0.6145206611570249 0.04684297520661157 0.10176859504132231
2 0.8070413223140496 0.7104545454545454 0.05705785123966943 0.10520661157024794
2 0.5982314049586777 0.7579256198347107 0.06257851239669421 0.12411570247933885
2 0.19982644628099172 0.8465289256198347 0.08890909090909091 0.14595041322314048
2 0.9012231404958678 0.8860413223140495 0.08013223140495868 0.14563636363636365