2 0.2621588541666667 0.10521296296296295 0.023276041666666667 0.05672222222222222
2 0.37281770833333333 0.11656018518518518 0.020635416666666666 0.06460185185185185
1 0.247265625 0.01775462962962963 0.029947916666666668 0.029953703703703705
2 0.41356510416666664 0.20547685185185185 0.021921875 0.05910185185185185
2 0.20877864583333333 0.2682361111111111 0.04672395833333333 0.12350925925925925
2 0.49519270833333334 0.281662037037037 0.03621875 0.0855462962962963
3 0.29353125 0.03436111111111111 0.0370625 0.06872222222222223
2 0.5938958333333333 0.3878287037037037 0.0555 0.10899074074074074
2 0.32347395833333337 0.4356527777777778 0.06048958333333333 0.17500925925925925
2 0.39715885416666663 0.45093518518518516 0.056817708333333335 0.1592777777777778
1 0.7615338541666666 0.7581527777777778 0.3043177083333333 0.42371296296296296