1 0.7409140625 0.16819444444444445 0.020369791666666668 0.027129629629629632
1 0.7645833333333333 0.185875 0.022916666666666665 0.034712962962962966
1 0.6796848958333332 0.2189398148148148 0.036453124999999996 0.04713888888888888
1 0.8258593750000001 0.24469444444444444 0.03505208333333333 0.04124074074074074
1 0.7530052083333333 0.29500462962962964 0.054968750000000004 0.08630555555555555
1 0.8154947916666667 0.33111574074074074 0.06744791666666666 0.08260185185185184
2 0.59465625 0.3830740740740741 0.0268125 0.056888888888888885
2 0.699171875 0.45223148148148146 0.02959375 0.06557407407407406
1 0.8035781249999999 0.4560648148148148 0.09153125000000001 0.1787962962962963
2 0.3165729166666667 0.6741435185185186 0.06439583333333333 0.12421296296296297
1 0.40915625 0.6956203703703704 0.22664583333333335 0.3042037037037037
2 0.11009114583333333 0.8929675925925926 0.10455729166666666 0.16000925925925927