0 0.5747768595041323 0.14132133995037222 0.025586776859504133 0.022096774193548385
1 0.5850909090909091 0.18916873449131513 0.029685950413223142 0.02349875930521092
3 0.6420330578512397 0.20660049627791566 0.044396694214876034 0.053399503722084365
1 0.3745785123966942 0.20711538461538462 0.04502479338842975 0.027133995037220845
3 0.22760330578512394 0.21115384615384616 0.07173553719008265 0.0550620347394541
1 0.45932231404958673 0.23516749379652604 0.016165289256198347 0.028647642679900744
2 0.4805785123966942 0.24621588089330024 0.015702479338842976 0.025930521091811414
1 0.5608429752066115 0.26653225806451614 0.06052892561983471 0.046712158808933
1 0.7051570247933885 0.3009925558312655 0.08138842975206612 0.06600496277915634
2 0.13308264462809918 0.3053101736972704 0.028148760330578514 0.042382133995037215
3 0.8372644628099174 0.4402543424317618 0.14064462809917355 0.158424317617866
1 0.464206611570248 0.6065012406947892 0.18791735537190082 0.1484863523573201
2 0.3113884297520661 0.8906885856079404 0.08393388429752066 0.12629032258064518