1 0.6345206611570248 0.29478908188585606 0.022760330578512396 0.016377171215880892
3 0.7644214876033059 0.30474565756823824 0.034628099173553716 0.031327543424317615
1 0.7889586776859504 0.3328846153846154 0.037421487603305784 0.025570719602977666
1 0.7021652892561984 0.3383374689826303 0.03904132231404959 0.02158808933002481
1 0.7897190082644627 0.37655086848635233 0.05877685950413224 0.04094292803970223
2 0.24540495867768594 0.4730397022332506 0.03791735537190083 0.03292803970223325
1 0.40674380165289253 0.48062034739454096 0.09613223140495868 0.06049627791563275
1 0.5581074380165288 0.4833312655086849 0.10464462809917356 0.07584367245657568
1 0.717090909090909 0.49401985111662533 0.09533884297520662 0.07240694789081886
2 0.02003305785123967 0.5087903225806452 0.04006611570247934 0.047357320099255584
1 0.2524793388429752 0.7041811414392061 0.20743801652892563 0.13540942928039704
1 0.2702479338842975 0.9416873449131513 0.38181818181818183 0.1141439205955335