2 0.1403884297520661 0.01709090909090909 0.02953719008264463 0.03087603305785124
2 0.3925785123966942 0.016983471074380165 0.024826446280991735 0.03066115702479339
2 0.5306528925619834 0.23421487603305782 0.039818181818181815 0.08165289256198346
2 0.6128677685950413 0.2536859504132231 0.05548760330578512 0.07431404958677686
2 0.2340413223140496 0.26692561983471075 0.04494214876033058 0.08095867768595041
2 0.47328925619834705 0.2944380165289256 0.04740495867768595 0.0599504132231405
2 0.2545454545454545 0.03069421487603306 0.03305785123966942 0.05477685950413223
1 0.6678099173553719 0.47965289256198346 0.20173553719008264 0.2981487603305785
1 0.06623966942148761 0.49757851239669415 0.12917355371900827 0.3835867768595041
2 0.3995206611570248 0.5266694214876033 0.07507438016528926 0.1343305785123967
2 0.2231322314049587 0.6259586776859504 0.07932231404958678 0.17423140495867767
2 0.23858677685950413 0.12429752066115703 0.03419834710743802 0.060165289256198344
2 0.40448760330578515 0.14512396694214877 0.03211570247933884 0.06214876033057851