1 0.6039586776859504 0.17931761786600497 0.05419834710743802 0.04598014888337469
1 0.3266528925619835 0.19049007444168733 0.06818181818181818 0.04847394540942928
1 0.07740495867768594 0.20993796526054592 0.12175206611570247 0.055111662531017375
2 0.5360661157024793 0.22556451612903228 0.02750413223140496 0.034255583126550866
2 0.303801652892562 0.230514888337469 0.03239669421487604 0.05408188585607941
2 0.22190082644628098 0.2314950372208437 0.023966942148760332 0.04859801488833747
1 0.6279504132231405 0.2325 0.08234710743801653 0.06549627791563276
0 0.4455867768595041 0.23675558312655084 0.12753719008264464 0.15589330024813897
2 0.06326446280991735 0.305893300248139 0.05380165289256198 0.053473945409429284
1 0.6961074380165289 0.3748014888337469 0.13601652892561986 0.12181141439205956
2 0.19234710743801653 0.38552729528535984 0.05742148760330579 0.0688213399503722
2 0.5864380165289257 0.42767990074441686 0.04229752066115702 0.06627791563275434
1 0.03064462809917355 0.42932382133995034 0.0612892561983471 0.1241563275434243
2 0.2449917355371901 0.4847146401985112 0.05692561983471074 0.07612903225806451
1 0.44887603305785123 0.5029342431761786 0.19361983471074382 0.21182382133995037
2 0.30383471074380164 0.5190508684863524 0.05890909090909091 0.07780397022332507
2 0.1097685950413223 0.5782009925558312 0.08069421487603305 0.10181141439205955
2 0.815603305785124 0.7303660049627791 0.08740495867768595 0.12822580645161288
1 0.6593305785123966 0.8785483870967742 0.33684297520661155 0.23600496277915634
1 0.517396694214876 0.11484491315136476 0.03644628099173554 0.03366004962779156
1 0.5834380165289257 0.12194168734491315 0.04621487603305785 0.032965260545905706