1 0.7005442708333334 0.2270138888888889 0.03546354166666667 0.04847222222222222
1 0.8234166666666667 0.24705092592592592 0.03225 0.0385462962962963
2 0.7512734375 0.25405092592592593 0.015046875 0.04699074074074074
1 0.8144739583333334 0.2836990740740741 0.04978125 0.04147222222222222
1 0.8155416666666666 0.32978240740740744 0.0665 0.07437962962962963
2 0.69346875 0.37589814814814815 0.0244375 0.06475925925925925
1 0.8028229166666667 0.4567731481481481 0.09002083333333334 0.17280555555555555
2 0.5216197916666666 0.4587962962962963 0.045322916666666664 0.09166666666666666
2 0.41512499999999997 0.5910185185185185 0.06670833333333334 0.11166666666666666
2 0.5846119791666666 0.6393148148148149 0.04734895833333333 0.10825925925925926
2 0.3614869791666667 0.7023981481481482 0.074015625 0.13442592592592592