1 0.5591487603305786 0.14014888337468984 0.04061157024793388 0.02471464019851117
3 0.09766942148760331 0.15437344913151366 0.08624793388429752 0.07053349875930522
2 0.42205785123966943 0.16532258064516128 0.017669421487603306 0.02543424317617866
1 0.2324132231404959 0.18562655086848637 0.05490909090909091 0.033784119106699755
2 0.3859669421487603 0.21576923076923077 0.02813223140495868 0.03699751861042184
1 0.6388429752066116 0.23606079404466498 0.07768595041322314 0.06021091811414392
2 0.18280165289256198 0.26475806451612904 0.025107438016528923 0.033238213399503724
2 0.12087603305785123 0.2661352357320099 0.030181818181818185 0.050880893300248135
2 0.45515702479338843 0.2758622828784119 0.027669421487603305 0.04303970223325062
2 0.06050413223140497 0.29633995037220845 0.02844628099173554 0.0467741935483871
2 0.5289669421487603 0.3457382133995037 0.03975206611570248 0.07112903225806451
1 0.903190082644628 0.3571526054590571 0.13365289256198348 0.08155086848635236
2 0.5278842975206611 0.3565384615384615 0.030975206611570244 0.04558312655086849
1 0.9041322314049587 0.45409429280397023 0.1884297520661157 0.13399503722084366
2 0.06785123966942148 0.5673697270471464 0.06297520661157024 0.07766749379652606
1 0.46278512396694216 0.08389578163771713 0.023090909090909092 0.02387096774193548
3 0.4871652892561984 0.11107940446650125 0.03218181818181818 0.028610421836228285
1 0.5461239669421487 0.11208436724565757 0.027785123966942146 0.023176178660049628