1 0.7786198347107438 0.34183002481389574 0.0663305785123967 0.05586848635235732
1 0.6501074380165289 0.3479900744416874 0.05723966942148761 0.04337468982630273
2 0.7024958677685951 0.3515570719602978 0.019867768595041323 0.03313895781637717
1 0.5506280991735537 0.36604838709677423 0.06654545454545455 0.05219602977667494
1 0.8020909090909091 0.3672518610421836 0.07029752066115702 0.04715880893300248
2 0.40221487603305783 0.36820719602977664 0.024264462809917356 0.034181141439205955
2 0.4757685950413223 0.3771650124069479 0.022611570247933883 0.034727047146401985
1 0.5943471074380166 0.38513647642679905 0.07133884297520661 0.04074441687344914
2 0.7531900826446281 0.4820409429280397 0.045223140495867765 0.04596774193548387
2 0.531206611570248 0.5336724565756824 0.050842975206611574 0.06734491315136476
2 0.6550991735537189 0.5597828784119107 0.060611570247933885 0.08234491315136477
2 0.49032231404958676 0.5640942928039702 0.05171900826446281 0.08104218362282878
2 0.19873553719008263 0.5701612903225807 0.04705785123966942 0.058436724565756826
2 0.09916528925619836 0.5967245657568238 0.05618181818181819 0.06441687344913151
1 0.33012396694214874 0.6211910669975186 0.2106611570247934 0.1753846153846154
2 0.5699917355371902 0.6438399503722083 0.06229752066115702 0.07676178660049628
2 0.026446280991735537 0.6594292803970223 0.05289256198347107 0.10297766749379653
2 0.7189752066115703 0.6658250620347395 0.0660495867768595 0.0785483870967742
2 0.9266363636363637 0.7075062034739454 0.08137190082644627 0.10235732009925558
2 0.08628925619834711 0.7187220843672456 0.06348760330578512 0.08508684863523573
2 0.9740991735537191 0.8393548387096774 0.05067768595041322 0.11791563275434244
2 0.8005619834710743 0.856606699751861 0.0903801652892562 0.13008684863523573