1 0.4919256198347108 0.41181761786600496 0.028479338842975207 0.024627791563275436
1 0.5641239669421488 0.41295285359801487 0.037338842975206614 0.02193548387096774
1 0.5136446280991736 0.42131513647642677 0.032247933884297524 0.02129032258064516
1 0.49909917355371897 0.49666873449131516 0.05935537190082644 0.03800248138957816
1 0.6242231404958677 0.5205024813895781 0.07158677685950414 0.05093052109181141
2 0.16506611570247934 0.5693858560794045 0.029305785123966942 0.04944168734491315
2 0.09736363636363636 0.6005893300248138 0.02613223140495868 0.034925558312655085
2 0.012520661157024793 0.6315880893300249 0.021735537190082647 0.059702233250620344
1 0.6533884297520661 0.6633746898263027 0.11669421487603304 0.08853598014888338
3 0.36941322314049585 0.6944975186104219 0.14709090909090908 0.13837468982630274
1 0.6032479338842975 0.7662903225806451 0.1519504132231405 0.12066997518610423