2 0.8710495867768595 0.46758064516129033 0.06606611570247933 0.05178660049627792
2 0.23036363636363638 0.5297394540942928 0.10700826446280991 0.07933002481389578
2 0.7157768595041323 0.5551612903225807 0.08940495867768596 0.06317617866004963
2 0.4964876033057851 0.5601861042183622 0.1103305785123967 0.06081885856079405
2 0.9867768595041322 0.5837468982630273 0.023140495867768594 0.0707196029776675
2 0.15397520661157024 0.6006637717121588 0.14927272727272728 0.08222084367245656
2 0.7668925619834711 0.6148759305210918 0.08585123966942149 0.07094292803970223
2 0.5115206611570249 0.6590818858560794 0.11725619834710743 0.07498759305210918
2 0.5257603305785123 0.707667493796526 0.13912396694214876 0.1101240694789082
2 0.11407438016528926 0.8136104218362282 0.22814876033057852 0.12846153846153846
2 0.8641322314049587 0.8246650124069478 0.12826446280991735 0.10590570719602978
2 0.7236115702479339 0.9492307692307693 0.15135537190082643 0.0969727047146402