1 0.2266198347107438 0.33361042183622824 0.07307438016528926 0.05431761786600496
1 0.2547355371900827 0.41069478908188584 0.10947107438016529 0.0769727047146402
1 0.35407438016528925 0.4539888337468983 0.12963636363636366 0.10152605459057072
1 0.6781652892561983 0.45415632754342433 0.12988429752066116 0.08697270471464019
2 0.07213223140495868 0.4575620347394541 0.0616198347107438 0.0640074441687345
1 0.15331404958677686 0.4817679900744417 0.15125619834710743 0.11738213399503722
2 0.6322066115702479 0.48941066997518606 0.05449586776859504 0.07311414392059554
1 0.49297520661157024 0.4973821339950372 0.13305785123966943 0.09401985111662531
2 0.2615702479338843 0.5581451612903225 0.07024793388429752 0.07906947890818858
2 0.024041322314049585 0.5665384615384615 0.04808264462809917 0.09585607940446651
2 0.5933388429752067 0.6223449131513648 0.05940495867768595 0.10076923076923076
2 0.7294628099173553 0.6392741935483871 0.06388429752066116 0.08748138957816377
1 0.46172727272727276 0.6680024813895781 0.18295867768595042 0.14741935483870966
2 0.7816528925619834 0.6859925558312655 0.07239669421487603 0.09158808933002481
2 0.6595206611570248 0.7123945409429281 0.07937190082644628 0.14935483870967742
2 0.6623884297520661 0.7438275434243176 0.06527272727272727 0.09807692307692308
1 0.3403388429752066 0.7994168734491316 0.2476198347107438 0.19188585607940445
1 0.8723636363636363 0.8733064516129032 0.2505123966942149 0.24785359801488835