1 0.7459739583333334 0.2102638888888889 0.027364583333333335 0.026083333333333333
1 0.8243177083333334 0.2168935185185185 0.029885416666666668 0.030083333333333333
1 0.6796354166666667 0.22022222222222224 0.034270833333333334 0.044148148148148145
1 0.8240546875 0.24511111111111114 0.033526041666666666 0.03651851851851852
1 0.6446640625000001 0.2785925925925926 0.054953125000000005 0.07200000000000001
1 0.7329322916666666 0.31189814814814815 0.07107291666666667 0.09972222222222223
1 0.8150338541666666 0.3315092592592592 0.06965104166666666 0.08153703703703703
2 0.7266666666666667 0.4178101851851852 0.025208333333333333 0.08006481481481481
1 0.8033567708333333 0.460662037037037 0.08900520833333332 0.16947222222222222
2 0.5526041666666667 0.514375 0.03958333333333333 0.11208333333333333
2 0.689171875 0.5373009259259259 0.04396875 0.1338611111111111
2 0.42697135416666665 0.5956481481481481 0.056026041666666665 0.12092592592592592
2 0.206171875 0.7843703703703704 0.08317708333333333 0.1594814814814815