1 0.5784462809917355 0.19428099173553717 0.04945454545454546 0.05467768595041322
2 0.4547768595041322 0.24620661157024795 0.023603305785123967 0.03621487603305785
1 0.6729421487603305 0.2849917355371901 0.07315702479338843 0.08072727272727273
2 0.3269504132231405 0.29105785123966943 0.03241322314049587 0.06310743801652892
1 0.4923884297520661 0.31955371900826446 0.09221487603305785 0.08373553719008264
2 0.14553719008264462 0.42786776859504133 0.043140495867768594 0.062347107438016525
2 0.5942479338842975 0.45067768595041324 0.041388429752066115 0.06499173553719008
2 0.7005206611570248 0.48817355371900834 0.04566942148760331 0.07717355371900826
2 0.1280330578512397 0.6209586776859505 0.06763636363636363 0.10803305785123966
1 0.22376033057851238 0.7350661157024794 0.2756198347107438 0.2866611570247934
1 0.5883057851239669 0.11694214876033057 0.032809917355371906 0.0256198347107438
1 0.5240165289256198 0.13920661157024794 0.033157024793388425 0.03047933884297521