1 0.18334710743801652 0.15035980148883374 0.05264462809917356 0.03521091811414392
1 0.04074380165289256 0.20132133995037219 0.07157024793388429 0.05772952853598015
2 0.3603636363636364 0.20599255583126552 0.023206611570247934 0.04473945409429281
1 0.19684297520661156 0.20666873449131512 0.08624793388429752 0.07090570719602977
2 0.3170165289256198 0.2538585607940447 0.0323801652892562 0.04121588089330025
1 0.1540495867768595 0.2735856079404466 0.10314049586776859 0.0732258064516129
1 0.4294214876033058 0.29608560794044664 0.12826446280991735 0.1008560794044665
2 0.13405785123966943 0.3398821339950372 0.04001652892561983 0.06437965260545905
1 0.03915702479338843 0.43328163771712164 0.07831404958677686 0.161848635235732
2 0.4781157024793388 0.438424317617866 0.05705785123966943 0.07535980148883376
2 0.39936363636363637 0.46942307692307694 0.061537190082644626 0.09021091811414392
2 0.6129421487603306 0.5578598014888337 0.04902479338842975 0.08594292803970223
2 0.3682231404958678 0.566954094292804 0.06206611570247934 0.0942059553349876
2 0.4686280991735537 0.6091749379652606 0.06452892561983471 0.09924317617866005
2 0.4411900826446281 0.7316439205955335 0.09890909090909092 0.1307816377171216
1 0.7849090909090909 0.7982568238213399 0.40287603305785125 0.2888213399503722
2 0.38841322314049587 0.8821401985111662 0.10244628099173553 0.1240818858560794