2 0.3820165289256198 0.12812655086848634 0.03014876033057851 0.03292803970223325
2 0.6427272727272728 0.2362344913151365 0.04578512396694215 0.06055831265508685
2 0.7248925619834711 0.2590818858560794 0.05474380165289256 0.06406947890818859
1 0.9020578512396694 0.34299627791563275 0.18097520661157024 0.13760545905707194
1 0.44766942148760325 0.03535980148883375 0.05566942148760331 0.04094292803970223
0 0.415 0.38875310173697275 0.4002479338842975 0.46981389578163774
1 0.07268595041322315 0.42780397022332506 0.1453719008264463 0.2104466501240695
2 0.6118347107438017 0.05520471464019851 0.023669421487603308 0.03596774193548387
1 0.915702479338843 0.5775434243176178 0.1652892561983471 0.2841191066997519
2 0.5256198347107438 0.06581265508684864 0.019834710743801654 0.03733250620347395
1 0.675801652892562 0.07431141439205954 0.0755702479338843 0.05184863523573201
2 0.576611570247934 0.08057692307692307 0.025950413223140494 0.047009925558312654
2 0.4904380165289256 0.12076923076923077 0.04203305785123967 0.03558312655086849