1 0.5687107438016529 0.14994416873449132 0.05973553719008264 0.03686104218362283
1 0.6829256198347108 0.18351736972704713 0.040231404958677684 0.04941687344913151
3 0.7381322314049586 0.21144540942928042 0.09775206611570247 0.1251240694789082
0 0.39006611570247934 0.2229032258064516 0.19831404958677687 0.14555831265508684
2 0.16685123966942147 0.25433002481389577 0.03618181818181818 0.03719602977667494
2 0.11081818181818182 0.27727667493796526 0.039818181818181815 0.04338709677419355
3 0.49980165289256195 0.27942307692307694 0.12357024793388431 0.1246029776674938
2 0.034016528925619835 0.30439205955334986 0.03497520661157025 0.04054590570719603
1 0.6434793388429753 0.34607940446650126 0.12993388429752065 0.09166253101736972
1 0.728793388429752 0.04222084367245658 0.02618181818181818 0.0273697270471464
1 0.676710743801653 0.04367866004962779 0.024495867768595043 0.015397022332506203
1 0.7532561983471074 0.054522332506203475 0.03213223140495868 0.02219602977667494
1 0.6383966942148761 0.06028535980148884 0.03381818181818182 0.02627791563275434
1 0.7073140495867769 0.07108560794044665 0.036115702479338846 0.028027295285359802
1 0.20774380165289258 0.7476923076923077 0.3427603305785124 0.24228287841191068