1 0.7406848958333333 0.16824074074074072 0.019911458333333333 0.02907407407407407
1 0.8245260416666667 0.217125 0.030302083333333334 0.028694444444444443
0 0.6833229166666667 0.22641666666666665 0.0458125 0.05653703703703704
1 0.825359375 0.24349074074074076 0.03301041666666667 0.03883333333333333
1 0.8135364583333333 0.2783425925925926 0.04478125 0.03816666666666667
1 0.8149296874999999 0.33194444444444443 0.06944270833333334 0.0787037037037037
2 0.6494661458333333 0.34348148148148144 0.024973958333333334 0.074
2 0.7037421875 0.38490277777777776 0.02206770833333333 0.05684259259259259
2 0.7356484375 0.38539351851851855 0.025463541666666666 0.07078703703703704
1 0.8028619791666666 0.45632407407407405 0.08905729166666668 0.1756111111111111
1 0.7657682291666668 0.6543888888888889 0.13257812500000002 0.293962962962963