1 0.565801652892562 0.17091735537190084 0.047305785123966944 0.0476198347107438
1 0.462801652892562 0.24671900826446277 0.07601652892561984 0.06699173553719008
2 0.47942148760330583 0.33248760330578514 0.036528925619834715 0.06662809917355372
2 0.43309917355371896 0.34343801652892564 0.029834710743801653 0.048859504132231404
1 0.5441570247933883 0.34592561983471076 0.09657851239669421 0.11664462809917354
2 0.3617851239669421 0.4322314049586777 0.04257851239669422 0.07107438016528926
2 0.6517520661157025 0.4440661157024794 0.03738842975206612 0.0583801652892562
2 0.43221487603305786 0.5008429752066116 0.04459504132231405 0.07606611570247934
2 0.5047355371900827 0.5061818181818182 0.040876033057851244 0.07682644628099174
2 0.7781404958677686 0.518595041322314 0.04884297520661157 0.08512396694214876
2 0.3012644628099173 0.5837355371900826 0.053768595041322316 0.08978512396694215
2 0.38664462809917355 0.6040826446280992 0.04932231404958678 0.08419834710743801
1 0.5474380165289257 0.13973553719008264 0.03702479338842975 0.034842975206611566
3 0.664396694214876 0.16330578512396693 0.059371900826446285 0.08528925619834711