1 0.07223140495867769 0.1313275434243176 0.09487603305785124 0.06662531017369727
2 0.4107520661157025 0.2086290322580645 0.04464462809917356 0.05745657568238214
2 0.027694214876033064 0.2280831265508685 0.045471074380165295 0.061625310173697274
1 0.24488429752066115 0.23461538461538461 0.13604958677685952 0.10694789081885857
2 0.4801900826446281 0.2705955334987593 0.04467768595041322 0.06476426799007444
2 0.16988429752066117 0.29627791563275435 0.048859504132231404 0.054094292803970226
2 0.36122314049586773 0.34165632754342434 0.06459504132231404 0.07785359801488834
2 0.11571074380165289 0.36830024813895784 0.056214876033057845 0.07655086848635236
3 0.7992479338842976 0.5417866004962779 0.398495867768595 0.49796526054590573
2 0.49243801652892566 0.565347394540943 0.07578512396694215 0.11580645161290323
3 0.2834462809917356 0.6125868486352357 0.32887603305785124 0.45594292803970227
1 0.40612396694214875 0.10825682382133994 0.11142148760330578 0.09740694789081887
1 0.2660082644628099 0.11636476426799007 0.09234710743801652 0.0788833746898263