2 0.6038264462809917 0.38049007444168736 0.030793388429752065 0.03393300248138958
2 0.7513553719008265 0.4167617866004963 0.028330578512396697 0.034516129032258064
1 0.9766280991735538 0.47939205955334985 0.04581818181818181 0.06796526054590571
2 0.278900826446281 0.49147642679900744 0.06193388429752066 0.04746898263027295
2 0.34679338842975205 0.5244913151364764 0.06218181818181818 0.04898263027295285
2 0.39659504132231405 0.5507258064516128 0.06922314049586777 0.06174937965260546
2 0.49315702479338847 0.552425558312655 0.064 0.060186104218362284
2 0.17426446280991736 0.5757692307692308 0.09728925619834711 0.06965260545905708
1 0.9371900826446281 0.5769230769230769 0.12231404958677686 0.11910669975186104
2 0.04719834710743802 0.6022766749379652 0.09109090909090908 0.07552109181141439
2 0.8136776859504132 0.6579652605459058 0.06702479338842975 0.07275434243176179
2 0.6166528925619834 0.6573883374689826 0.0696694214876033 0.07656327543424318
2 0.390702479338843 0.6879900744416874 0.09049586776859504 0.10302729528535981
2 0.6846446280991735 0.7137655086848634 0.08003305785123967 0.10495037220843673
2 0.19810743801652891 0.7792121588089329 0.13175206611570248 0.13162531017369727
2 0.3947107438016529 0.7932816377171216 0.11504132231404958 0.11261786600496278
1 0.7847190082644628 0.8560732009925558 0.29671074380165285 0.28782878411910673
2 0.5064876033057851 0.8732940446650124 0.09727272727272727 0.13616625310173697
1 0.1669421487603306 0.9292803970223326 0.32727272727272727 0.141439205955335