2 0.6705206611570248 0.48557071960297765 0.06170247933884297 0.04062034739454094
2 0.7887685950413222 0.49844292803970225 0.05357024793388429 0.0465136476426799
1 0.9107438016528926 0.5155086848635235 0.17520661157024794 0.12531017369727046
2 0.7292561983471074 0.5433560794044665 0.06347107438016529 0.06437965260545905
2 0.5566776859504132 0.5597642679900745 0.06872727272727272 0.06245657568238214
2 0.41321487603305784 0.5676116625310174 0.06940495867768595 0.058300248138957816
0 0.05406611570247934 0.576271712158809 0.10813223140495869 0.24187344913151362
2 0.8701322314049585 0.6623449131513648 0.07745454545454546 0.08895781637717122
2 0.599297520661157 0.6673449131513648 0.11099173553719009 0.09151364764267991
2 0.10862809917355372 0.6685173697270472 0.17097520661157026 0.09385856079404467
2 0.33918181818181814 0.674863523573201 0.1395206611570248 0.08173697270471464
2 0.1367107438016529 0.7861724565756824 0.1973884297520661 0.13562034739454096
2 0.30711570247933884 0.8059119106699753 0.18117355371900826 0.11554590570719603
1 0.6662809917355372 0.8627605459057072 0.46975206611570247 0.2714267990074442