1 0.7427630208333333 0.16894907407407408 0.021984375 0.028638888888888887
1 0.7982447916666667 0.21057407407407408 0.03086458333333333 0.054481481481481485
1 0.8249895833333334 0.25272685185185184 0.0364375 0.06100925925925926
1 0.8146249999999999 0.3247361111111111 0.06779166666666667 0.0735462962962963
2 0.7265364583333334 0.32611574074074073 0.022864583333333334 0.06334259259259259
1 0.8036119791666666 0.44131944444444443 0.09055729166666666 0.1511574074074074
2 0.7118255208333333 0.49399537037037033 0.031984374999999995 0.0898425925925926
2 0.6101640625000001 0.5988009259259259 0.045328125000000004 0.10500925925925926
2 0.3539348958333334 0.6609490740740741 0.07453645833333335 0.14967592592592593
1 0.7695572916666666 0.6674166666666667 0.13494791666666667 0.26261111111111113
2 0.4196796875 0.6757731481481482 0.07269270833333333 0.16080555555555553