2 0.4190082644628099 0.12898883374689826 0.024793388429752067 0.04209677419354839
1 0.24654545454545454 0.12862903225806452 0.1096198347107438 0.056265508684863526
1 0.7405289256198346 0.013995037220843672 0.039735537190082645 0.025508684863523572
2 0.7334628099173554 0.1447952853598015 0.03221487603305785 0.048895781637717114
1 0.6565289256198347 0.150651364764268 0.08991735537190082 0.08542183622828783
2 0.31699173553719007 0.1536166253101737 0.03233057851239669 0.0442059553349876
2 0.5703140495867769 0.15475186104218364 0.029884297520661154 0.05392059553349876
1 0.8040661157024793 0.1675868486352357 0.09408264462809918 0.07214640198511166
2 0.2511074380165289 0.1928970223325062 0.03940495867768595 0.060732009925558314
2 0.4230082644628099 0.19386476426799007 0.02618181818181818 0.04281637717121588
2 0.7781983471074381 0.2766004962779156 0.05226446280991736 0.05692307692307692
2 0.6037603305785123 0.2864578163771712 0.0471900826446281 0.07911910669975186
1 0.30967768595041323 0.38911290322580644 0.2722479338842975 0.23976426799007444
1 0.902809917355372 0.4106265508684864 0.1890909090909091 0.1810545905707196
2 0.6728677685950413 0.44986352357320103 0.06639669421487604 0.08086848635235733
2 0.07974380165289258 0.45336228287841185 0.0867603305785124 0.09034739454094291
2 0.4467520661157025 0.5026302729528536 0.06705785123966942 0.06977667493796526
1 0.5139173553719009 0.05138957816377172 0.07246280991735538 0.0705210918114144
1 0.7841570247933884 0.06239454094292804 0.06418181818181817 0.050347394540942926
2 0.44136363636363635 0.6393920595533499 0.07611570247933884 0.11997518610421837
2 0.7807107438016528 0.6766749379652606 0.07381818181818181 0.115136476426799
2 0.567289256198347 0.7538089330024814 0.08333884297520662 0.12548387096774194
1 0.928099173553719 0.8008684863523573 0.14049586776859505 0.3957816377171216
2 0.6075702479338843 0.08361042183622829 0.02175206611570248 0.043151364764267994
1 0.4933719008264463 0.12383374689826303 0.0875702479338843 0.06652605459057072