1 0.4128099173553719 0.36716528925619835 0.10165289256198347 0.0599504132231405
1 0.8104297520661157 0.37007438016528926 0.07705785123966942 0.07568595041322314
2 0.7099834710743802 0.39447107438016527 0.024925619834710745 0.035223140495867764
2 0.7611404958677687 0.5077685950413223 0.03467768595041323 0.08661157024793388
2 0.9072479338842975 0.5707024793388429 0.039289256198347104 0.07033057851239669
2 0.7267272727272728 0.6019504132231405 0.051801652892561986 0.07662809917355372
0 0.44235537190082647 0.6475785123966942 0.4714876033057851 0.5744958677685951
2 0.8464214876033058 0.6547768595041322 0.04986776859504133 0.08971900826446282
2 0.9544710743801653 0.7224628099173555 0.0676198347107438 0.10608264462809919
2 0.6962479338842975 0.775801652892562 0.06687603305785124 0.11358677685950413
2 0.034859504132231406 0.820892561983471 0.06971900826446281 0.11451239669421488
2 0.657892561983471 0.9459586776859503 0.07611570247933884 0.10348760330578512