1 0.43438842975206615 0.19411570247933885 0.042330578512396695 0.05434710743801653
2 0.3314297520661157 0.2359090909090909 0.018231404958677686 0.03876033057851239
1 0.45375206611570246 0.2507355371900826 0.057917355371900826 0.06180165289256198
1 0.2744297520661157 0.2636198347107438 0.05629752066115703 0.05451239669421487
2 0.14098347107438017 0.28093388429752064 0.027421487603305785 0.03955371900826446
2 0.22051239669421488 0.29973553719008267 0.027801652892561982 0.04079338842975207
1 0.36126446280991736 0.3597355371900826 0.08451239669421488 0.10128925619834711
2 0.08872727272727272 0.3896198347107438 0.03530578512396694 0.05196694214876033
2 0.40724793388429753 0.45728099173553716 0.04424793388429752 0.08811570247933885
2 0.2727768595041322 0.4671487603305785 0.05299173553719009 0.06818181818181818
1 0.07107438016528926 0.5263388429752066 0.13884297520661157 0.20970247933884298
2 0.2925702479338843 0.5824049586776859 0.04299173553719009 0.08712396694214876
1 0.5873719008264463 0.6004710743801652 0.1664793388429752 0.19598347107438016