2 0.16628099173553718 0.151985111662531 0.035041322314049585 0.043424317617866005
3 0.5673223140495868 0.23689826302729527 0.18919008264462808 0.24799007444168733
3 0.7881322314049587 0.24610421836228288 0.22750413223140495 0.13488833746898263
1 0.30621487603305786 0.27049627791563274 0.1264793388429752 0.11915632754342433
3 0.5049752066115702 0.03325682382133995 0.03143801652892562 0.0317741935483871
1 0.19150413223140494 0.45813895781637715 0.19127272727272726 0.16193548387096776
1 0.5586776859504132 0.00620347394540943 0.023140495867768594 0.01240694789081886
2 0.13711570247933885 0.051656327543424314 0.022991735537190083 0.026389578163771712
1 0.5165785123966942 0.00705334987593052 0.024892561983471076 0.01410669975186104
1 0.6265785123966942 0.7373697270471463 0.307702479338843 0.3630769230769231
1 0.37985123966942147 0.10369106699751861 0.06218181818181818 0.043610421836228284