0 0.78099173553719 0.3558188585607941 0.04132231404958678 0.036699751861042185
1 0.7676033057851239 0.40915012406947887 0.044297520661157025 0.026736972704714642
1 0.9309256198347108 0.4193300248138958 0.04366942148760331 0.032208436724565755
1 0.8422809917355372 0.42351116625310176 0.0548099173553719 0.035607940446650124
2 0.6082066115702479 0.43210918114143915 0.01971900826446281 0.027990074441687343
2 0.9106446280991737 0.49117245657568237 0.02294214876033058 0.039416873449131515
2 0.6545289256198348 0.5008870967741935 0.03302479338842975 0.03899503722084367
1 0.7515454545454545 0.5171650124069479 0.09813223140495868 0.08643920595533498
0 0.4904545454545455 0.5240508684863523 0.2106611570247934 0.16968982630272955
2 0.8744876033057852 0.530893300248139 0.03988429752066115 0.05682382133995037
2 0.3395289256198347 0.5782816377171216 0.04765289256198347 0.054826302729528535
2 0.9101487603305785 0.630241935483871 0.04178512396694215 0.061972704714640205
2 0.23218181818181818 0.651259305210918 0.0676694214876033 0.08663771712158809
2 0.5130413223140495 0.7556637717121589 0.054181818181818185 0.07708436724565756
2 0.6670082644628099 0.8657568238213399 0.07451239669421487 0.11612903225806451