1 0.410297520661157 0.29949751861042184 0.10985123966942148 0.07294044665012407
1 0.5659834710743802 0.3121774193548387 0.10386776859504133 0.07100496277915633
2 0.6115206611570249 0.3584739454094293 0.046181818181818185 0.054416873449131514
2 0.7288925619834711 0.36449131513647637 0.052826446280991736 0.07141439205955336
2 0.5022148760330578 0.3787841191066998 0.03583471074380165 0.06526054590570719
2 0.6871818181818182 0.3815694789081886 0.04874380165289256 0.08323821339950373
1 0.8269504132231406 0.40006203473945406 0.16299173553719007 0.13014888337468983
1 0.37389256198347104 0.41287841191066993 0.17588429752066115 0.13344913151364765
2 0.21027272727272728 0.4367307692307692 0.06682644628099174 0.07941687344913152
2 0.027223140495867767 0.4993796526054591 0.054446280991735534 0.07320099255583126
2 0.6835206611570247 0.5254590570719603 0.07778512396694215 0.08317617866004963
2 0.47256198347107436 0.5405086848635235 0.07239669421487603 0.07109181141439205
2 0.9616446280991735 0.565682382133995 0.0720495867768595 0.07429280397022332
1 0.5026611570247934 0.6673387096774194 0.26152066115702477 0.18331265508684863
1 0.07912396694214875 0.686470223325062 0.1582479338842975 0.18435483870967742
2 0.7890495867768595 0.7306699751861042 0.0871900826446281 0.11890818858560795
1 0.28457024793388436 0.8528411910669975 0.3311239669421488 0.24662531017369727
2 0.9444545454545454 0.8809119106699752 0.09717355371900827 0.12410669975186105