1 0.7421562500000001 0.16875 0.021812500000000002 0.03009259259259259
2 0.6606614583333333 0.31916666666666665 0.021322916666666667 0.0587037037037037
1 0.8132734374999999 0.332212962962963 0.06613020833333333 0.07924074074074074
2 0.7247239583333334 0.3645601851851852 0.036947916666666664 0.08282407407407408
2 0.5843723958333332 0.37080555555555555 0.030203125 0.06383333333333333
1 0.8034140625 0.45694444444444443 0.09016145833333335 0.15462962962962962
2 0.6449817708333333 0.4899074074074074 0.041005208333333334 0.059444444444444446
2 0.4533333333333333 0.5430648148148148 0.04625 0.0990925925925926
2 0.6386640625 0.6071898148148148 0.042953125 0.10512037037037038
1 0.7686692708333334 0.6534444444444445 0.133171875 0.2920740740740741
2 0.5030963541666666 0.8762546296296296 0.07285937499999999 0.12843518518518518