2 0.29582644628099175 0.13087468982630274 0.02305785123966942 0.040905707196029775
2 0.44644628099173556 0.16854218362282877 0.02677685950413223 0.0442803970223325
2 0.10262809917355373 0.22371588089330025 0.03335537190082644 0.03800248138957816
1 0.7903388429752065 0.2400682382133995 0.10299173553719009 0.078151364764268
2 0.346801652892562 0.2554652605459057 0.04566942148760331 0.05187344913151365
1 0.7895454545454546 0.03312034739454094 0.028677685950413225 0.021575682382133997
1 0.8601652892561983 0.409863523573201 0.16330578512396693 0.134863523573201
2 0.3012231404958678 0.4334677419354839 0.07682644628099174 0.07785359801488834
1 0.7025289256198347 0.05416873449131513 0.046380165289256196 0.03389578163771712
1 0.7428347107438017 0.008200992555831265 0.021206611570247932 0.01640198511166253
2 0.38606611570247934 0.10989454094292804 0.025024793388429754 0.0336848635235732
1 0.8073636363636363 0.011550868486352357 0.027950413223140496 0.01813895781637717