1 0.8119999999999999 0.17009925558312655 0.020694214876033058 0.01761786600496278
3 0.3054132231404959 0.21906327543424317 0.06867768595041322 0.05351116625310174
3 0.7145454545454546 0.23958436724565754 0.05057851239669422 0.05981389578163772
2 0.43001652892561987 0.30431141439205955 0.023669421487603308 0.03294044665012407
2 0.46605785123966936 0.3074317617866005 0.023024793388429752 0.03918114143920595
2 0.18626446280991735 0.3144602977667494 0.022115702479338844 0.028424317617866006
2 0.0813305785123967 0.3386104218362283 0.03373553719008265 0.051910669975186105
2 0.37889256198347104 0.3567307692307692 0.030512396694214877 0.038523573200992554
2 0.024413223140495866 0.41035359801488835 0.04552066115702479 0.05643920595533499
1 0.43211570247933884 0.5293300248138958 0.17332231404958678 0.15047146401985112
3 0.6944628099173553 0.7379342431761786 0.2682644628099174 0.4088709677419355