1 0.6667438016528926 0.023173553719008262 0.03431404958677686 0.0364297520661157
2 0.30332231404958676 0.2455702479338843 0.03143801652892562 0.04816528925619835
1 0.6088677685950413 0.025884297520661157 0.03426446280991736 0.0352396694214876
2 0.6864710743801653 0.25488429752066116 0.027487603305785122 0.04695867768595041
2 0.3577851239669422 0.2548842975206611 0.03457851239669422 0.07671074380165288
2 0.5416280991735537 0.29282644628099175 0.028710743801652894 0.053421487603305784
2 0.3789090909090909 0.32820661157024794 0.040462809917355375 0.05806611570247934
2 0.3242479338842975 0.3314297520661157 0.04353719008264463 0.057900826446280994
2 0.647305785123967 0.34367768595041326 0.048330578512396694 0.06917355371900827
1 0.7806776859504132 0.3853636363636364 0.1365619834710744 0.16246280991735537
2 0.11296694214876032 0.4537272727272727 0.054033057851239664 0.07770247933884297
1 0.6865206611570248 0.06632231404958677 0.05072727272727273 0.05
2 0.8761157024793388 0.7224462809917355 0.08280991735537191 0.135801652892562
1 0.6126280991735537 0.09222314049586777 0.05170247933884298 0.05221487603305785
2 0.7297520661157024 0.9297520661157025 0.09090909090909091 0.1371900826446281
1 0.7093719008264463 0.1528595041322314 0.07990082644628099 0.08423140495867769
2 0.33141322314049587 0.1534380165289256 0.02150413223140496 0.04571900826446281