1 0.6903333333333334 0.20274074074074075 0.04629166666666666 0.04992592592592593
1 0.8235833333333333 0.21628703703703703 0.03258333333333333 0.032574074074074075
1 0.6787916666666667 0.22001851851851853 0.035708333333333335 0.04374074074074074
1 0.8239791666666666 0.2552083333333333 0.0365 0.053009259259259256
1 0.8171380208333333 0.33245833333333336 0.067609375 0.08343518518518518
2 0.6580572916666667 0.33885185185185185 0.02653125 0.06474074074074074
2 0.5988229166666666 0.3601527777777778 0.035145833333333334 0.07030555555555557
2 0.6864375 0.38192129629629634 0.026000000000000002 0.08606481481481482
1 0.8038671875 0.45906018518518515 0.09106770833333333 0.17923148148148146
1 0.5323880208333333 0.5080277777777777 0.15644270833333335 0.22346296296296297
2 0.1406875 0.8021944444444444 0.09075000000000001 0.14512962962962964
1 0.21927083333333333 0.8944444444444445 0.278125 0.20925925925925926