1 0.7429479166666667 0.16914814814814816 0.023395833333333334 0.03088888888888889
1 0.7852005208333334 0.19670833333333332 0.028734375 0.03415740740740741
1 0.7859557291666667 0.20611574074074074 0.028161458333333333 0.02149074074074074
1 0.8245416666666666 0.2177962962962963 0.03241666666666667 0.030037037037037036
1 0.8251510416666666 0.2551435185185185 0.03780208333333333 0.05658333333333333
2 0.7060963541666666 0.26035185185185183 0.020526041666666665 0.04292592592592592
2 0.666390625 0.3173148148148148 0.022364583333333334 0.055
1 0.8158437500000001 0.33487500000000003 0.06814583333333334 0.08826851851851851
2 0.6195234374999999 0.33491203703703704 0.022380208333333332 0.0531574074074074
2 0.7210677083333333 0.37798148148148153 0.02755208333333333 0.07448148148148148
1 0.8034427083333333 0.46434722222222224 0.09021875 0.16758333333333333
2 0.5138020833333333 0.9060185185185186 0.08697916666666666 0.18611111111111112