1 0.5520578512396694 0.1404032258064516 0.03304132231404958 0.022741935483870965
1 0.6278595041322315 0.1875744416873449 0.04580165289256199 0.03271712158808933
3 0.28915702479338845 0.20470223325062037 0.06261157024793389 0.049602977667493796
3 0.48715702479338846 0.24619727047146403 0.08836363636363637 0.09040942928039702
2 0.15788429752066116 0.28045905707196034 0.024859504132231404 0.03238213399503722
1 0.5945950413223141 0.3444168734491315 0.10158677685950414 0.07841191066997519
1 0.18906611570247933 0.5175372208436725 0.20953719008264463 0.12688585607940447
1 0.7596859504132232 0.5400062034739455 0.1739173553719008 0.1420471464019851
1 0.46614049586776857 0.5764205955334988 0.1950909090909091 0.1528411910669975
1 0.5388264462809917 0.11299627791563276 0.023107438016528925 0.015074441687344913
1 0.49833884297520664 0.12027915632754342 0.02477685950413223 0.019714640198511168