2 0.5376942148760331 0.43982630272952855 0.040677685950413225 0.05583126550868486
1 0.8489008264462811 0.45228287841191067 0.10771900826446282 0.07578163771712158
2 0.38253719008264464 0.4578225806451613 0.04441322314049587 0.04467741935483871
1 0.9639504132231406 0.47669354838709677 0.0700495867768595 0.07745657568238214
2 0.32301652892561983 0.4943052109181142 0.057603305785123966 0.05064516129032258
2 0.5174710743801653 0.5038523573200993 0.04981818181818182 0.057332506203473944
2 0.7360743801652893 0.5271526054590571 0.04074380165289256 0.049342431761786605
2 0.5870826446280992 0.5297952853598015 0.046892561983471075 0.049665012406947893
2 0.2201322314049587 0.5712158808933002 0.08985123966942149 0.07791563275434243
2 0.6506446280991736 0.5914578163771712 0.05170247933884298 0.0712531017369727
2 0.5055123966942149 0.6005769230769231 0.062264462809917355 0.06467741935483871
2 0.38173553719008263 0.6068672456575682 0.06925619834710743 0.06485111662531018
2 0.28387603305785125 0.6115012406947891 0.08841322314049588 0.07163771712158809
2 0.893909090909091 0.6403970223325062 0.05558677685950414 0.07235732009925558
2 0.7436528925619835 0.6547580645161291 0.05920661157024793 0.07378411910669976
2 0.07944628099173554 0.6852357320099255 0.1291404958677686 0.09751861042183622
2 0.3007355371900826 0.7173883374689827 0.10560330578512397 0.11219602977667495
2 0.48965289256198347 0.7360421836228288 0.09996694214876033 0.10235732009925558
1 0.8320330578512397 0.8397952853598015 0.3053884297520661 0.3173076923076923
2 0.4767438016528926 0.8623138957816376 0.10720661157024794 0.11420595533498759
2 0.26242148760330575 0.9154776674937966 0.157900826446281 0.1609801488833747
2 0.10117355371900827 0.923728287841191 0.18912396694214875 0.1501861042183623