1 0.6332314049586777 0.16674380165289254 0.04662809917355372 0.05249586776859504
1 0.5342396694214876 0.21387603305785124 0.05360330578512397 0.05089256198347107
1 0.43076033057851243 0.2321900826446281 0.08466115702479339 0.09743801652892563
2 0.5788181818181818 0.24081818181818182 0.023752066115702478 0.051884297520661156
2 0.33950413223140496 0.26687603305785124 0.0343801652892562 0.04449586776859504
1 0.5825619834710744 0.3259669421487603 0.07752066115702479 0.0899504132231405
2 0.31760330578512397 0.34720661157024796 0.030247933884297522 0.053090909090909084
1 0.6915619834710743 0.3511404958677686 0.1004793388429752 0.1237685950413223
2 0.4180082644628099 0.35182644628099174 0.042628099173553716 0.0623305785123967
2 0.49901652892561976 0.36190082644628097 0.0360495867768595 0.07917355371900826
2 0.25981818181818184 0.3700826446280992 0.04029752066115702 0.05586776859504132
2 0.15803305785123967 0.4338347107438017 0.038380165289256196 0.06105785123966942
2 0.10690082644628099 0.43695041322314054 0.04520661157024793 0.06398347107438017
2 0.6260495867768595 0.4591570247933885 0.04218181818181818 0.07203305785123967
2 0.6632148760330578 0.5680661157024793 0.05370247933884298 0.09150413223140495
1 0.12121487603305785 0.6871818181818182 0.2424297520661157 0.2702314049586777
2 0.49546280991735536 0.8343801652892562 0.06861157024793388 0.13818181818181818
1 0.49969421487603305 0.13902479338842974 0.03740495867768595 0.03011570247933884
1 0.5463471074380165 0.1557107438016529 0.034842975206611566 0.037041322314049586