1 0.5944214876033058 0.18978512396694214 0.11776859504132231 0.16469421487603306
1 0.19836363636363635 0.20995867768595042 0.1289586776859504 0.13892561983471075
1 0.4190082644628099 0.022454545454545456 0.0512396694214876 0.04160330578512397
2 0.371900826446281 0.24134710743801652 0.03636363636363636 0.08930578512396695
1 0.5261570247933884 0.03307438016528926 0.057272727272727274 0.05292561983471075
2 0.18275206611570247 0.36724793388429755 0.0547603305785124 0.08656198347107437
2 0.2516528925619835 0.37001652892561987 0.050413223140495865 0.09540495867768595
2 0.3384132231404959 0.4277685950413223 0.05533884297520661 0.07537190082644628
2 0.43149586776859505 0.4411735537190083 0.0563801652892562 0.10218181818181818
3 0.6786776859504132 0.45342148760330575 0.21355371900826445 0.35808264462809913
2 0.4819090909090909 0.5877685950413224 0.05142148760330578 0.11107438016528925
2 0.20258677685950413 0.11562809917355371 0.0316198347107438 0.042826446280991734
2 0.0999504132231405 0.16116528925619833 0.03791735537190083 0.0644793388429752