1 0.513099173553719 0.17411910669975186 0.17661157024793386 0.11746898263027296
2 0.20364462809917355 0.19460918114143919 0.05026446280991736 0.07160049627791563
2 0.666297520661157 0.22851736972704714 0.05656198347107438 0.07241935483870968
2 0.3103305785123967 0.25370967741935485 0.06198347107438017 0.0756575682382134
2 0.5382975206611571 0.2830831265508685 0.06171900826446282 0.08229528535980149
1 0.9579338842975206 0.3161910669975186 0.08115702479338843 0.14602977667493797
2 0.24463636363636362 0.31838089330024816 0.06613223140495868 0.08837468982630274
0 0.8013719008264463 0.4291129032258065 0.3597685950413223 0.3768362282878412
1 0.37302479338842975 0.491879652605459 0.29315702479338845 0.19715880893300247
2 0.062322314049586776 0.5178908188585608 0.0816694214876033 0.11766749379652607
1 0.8609752066115702 0.06180521091811414 0.09219834710743802 0.07150124069478908
2 0.6405041322314049 0.08326923076923076 0.03472727272727273 0.04991315136476426
1 0.9294462809917357 0.09497518610421836 0.1299669421487603 0.10558312655086848
2 0.7794545454545454 0.10315136476426799 0.04485950413223141 0.04997518610421836
2 0.6996115702479339 0.11142059553349877 0.04385123966942149 0.07395781637717122