2 0.27633057851239673 0.13523573200992556 0.06009917355371901 0.07196029776674938
1 0.13678512396694215 0.018021091811414394 0.11819834710743803 0.03604218362282879
2 0.13887603305785123 0.175136476426799 0.046347107438016524 0.057468982630272954
2 0.5180826446280992 0.02142059553349876 0.03120661157024793 0.040359801488833745
2 0.03347933884297521 0.219590570719603 0.06034710743801652 0.062009925558312654
2 0.5939834710743802 0.23060173697270472 0.040859504132231404 0.06418114143920595
1 0.8226280991735537 0.2679280397022332 0.18079338842975207 0.1785359801488834
1 0.10330578512396695 0.3107940446650124 0.2066115702479339 0.184863523573201
0 0.3926694214876033 0.39074441687344913 0.37872727272727275 0.5482382133995037
2 0.18677685950413223 0.4175806451612903 0.07603305785123966 0.08826302729528536
2 0.6872396694214875 0.5374193548387096 0.08522314049586777 0.11702233250620346
2 0.3314297520661157 0.06470843672456576 0.04137190082644628 0.06490074441687345
2 0.22448760330578513 0.07887717121588089 0.035752066115702474 0.05601736972704714
1 0.9214876033057852 0.8548387096774194 0.1537190082644628 0.2878411910669975
1 0.4099752066115702 0.09301488833746899 0.15548760330578512 0.15129032258064515
1 0.7594710743801654 0.10201612903225805 0.11398347107438016 0.1022952853598015
2 0.5552148760330579 0.10854838709677418 0.03935537190082644 0.06325062034739454