1 0.3699834710743802 0.1756528925619835 0.10856198347107439 0.12981818181818183
2 0.16550413223140495 0.19781818181818184 0.03679338842975207 0.05844628099173554
2 0.2081900826446281 0.23040495867768596 0.042826446280991734 0.07072727272727272
2 0.6101652892561983 0.30753719008264463 0.05008264462809917 0.07953719008264462
2 0.6786859504132232 0.310900826446281 0.04497520661157025 0.08626446280991736
2 0.8112479338842975 0.33012396694214874 0.05224793388429752 0.08173553719008265
2 0.7352892561983472 0.39171074380165294 0.04909090909090909 0.09581818181818182
1 0.5311735537190083 0.42381818181818176 0.17639669421487603 0.2724297520661157
1 0.18510743801652893 0.5014545454545455 0.24790082644628098 0.29877685950413224
1 0.6484462809917355 0.05367768595041322 0.09028099173553719 0.08090909090909092
2 0.5163305785123967 0.05752066115702479 0.024396694214876034 0.04231404958677686
2 0.5909917355371901 0.06266115702479338 0.0315702479338843 0.0724297520661157
2 0.837793388429752 0.7552066115702479 0.09872727272727272 0.1252892561983471
2 0.5519090909090909 0.08118181818181819 0.02613223140495868 0.04666115702479339
2 0.25653719008264464 0.11056198347107438 0.037041322314049586 0.0756694214876033
2 0.4637851239669421 0.12678512396694214 0.03500826446280992 0.061834710743801646
2 0.6276198347107438 0.15179338842975207 0.035404958677685956 0.0655702479338843