1 0.7416171874999999 0.16886574074074073 0.022817708333333336 0.030324074074074073
1 0.8225885416666666 0.205625 0.029552083333333333 0.02421296296296296
1 0.7956614583333333 0.21942129629629628 0.030906250000000003 0.0425462962962963
1 0.8255755208333333 0.25233796296296296 0.03656770833333333 0.06208333333333333
1 0.8149739583333333 0.3291388888888889 0.06953125 0.07679629629629629
2 0.6242083333333334 0.4036898148148148 0.03175 0.0851574074074074
2 0.5769505208333333 0.4180416666666667 0.033067708333333334 0.08423148148148148
1 0.8035494791666667 0.44072222222222224 0.09043229166666666 0.15366666666666667
2 0.4838645833333333 0.5648518518518518 0.0479375 0.10933333333333334
1 0.7687135416666667 0.6523611111111111 0.13430208333333335 0.28990740740740745
2 0.34690624999999997 0.6736851851851853 0.07610416666666667 0.13255555555555557
2 0.5226588541666667 0.8760648148148148 0.08906770833333333 0.17620370370370372