1 0.05022314049586777 0.1428908188585608 0.10044628099173554 0.06990074441687345
3 0.2346528925619835 0.17200372208436723 0.12550413223140497 0.1306079404466501
1 0.4797272727272727 0.2352047146401985 0.15284297520661158 0.11060794044665014
2 0.12105785123966942 0.2538275434243176 0.0669090909090909 0.06844913151364765
2 0.3166115702479339 0.3130583126550868 0.06462809917355372 0.0826923076923077
2 0.029520661157024793 0.3363771712158809 0.055735537190082646 0.07722084367245657
2 0.551396694214876 0.41201612903225804 0.06808264462809917 0.09698511166253102
2 0.510909090909091 0.4708684863523573 0.07636363636363637 0.10550868486352358
1 0.18942148760330577 0.5441997518610422 0.27966942148760326 0.29187344913151364
2 0.8596528925619835 0.5922332506203475 0.0928595041322314 0.12491315136476427
2 0.4489917355371901 0.7548883374689827 0.10790082644628099 0.09538461538461537
3 0.39055371900826447 0.0972332506203474 0.11003305785123965 0.1225062034739454