1 0.9826446280991735 0.4596774193548387 0.03471074380165289 0.04590570719602978
2 0.5849586776859503 0.46249379652605455 0.045950413223140495 0.04657568238213399
2 0.35884297520661157 0.48470843672456576 0.05983471074380166 0.0587468982630273
1 0.9505454545454546 0.5279218362282878 0.09613223140495868 0.09306451612903227
2 0.731404958677686 0.5575806451612904 0.05454545454545454 0.0754590570719603
2 0.8801983471074379 0.5681327543424318 0.03808264462809917 0.06678660049627791
2 0.4606115702479339 0.5887655086848635 0.07163636363636364 0.06338709677419355
2 0.3383719008264463 0.5903473945409429 0.0750909090909091 0.059106699751861044
2 0.8058347107438016 0.5903287841191067 0.05464462809917356 0.08636476426799007
2 0.054719008264462805 0.6030397022332507 0.10613223140495867 0.08200992555831264
2 0.5450661157024793 0.6066253101736973 0.05872727272727273 0.066848635235732
2 0.706793388429752 0.661104218362283 0.06482644628099174 0.09143920595533499
1 0.868107438016529 0.7031327543424318 0.20894214876033057 0.18294044665012404
2 0.07247107438016528 0.747227047146402 0.1383305785123967 0.1148014888337469
1 0.4342727272727273 0.7898573200992556 0.40573553719008265 0.3241315136476427