2 0.5367933884297521 0.12866004962779157 0.032264462809917356 0.04392059553349876
2 0.135099173553719 0.14972084367245658 0.04871074380165289 0.041377171215880894
2 0.0692396694214876 0.15563275434243176 0.039305785123966944 0.053200992555831265
1 0.39694214876033057 0.1827543424317618 0.12280991735537189 0.09503722084367244
2 0.6137603305785124 0.1850434243176179 0.05066115702479339 0.0648759305210918
1 0.12364462809917356 0.22191687344913152 0.14811570247933883 0.10388337468982631
2 0.5176033057851239 0.2536910669975186 0.03685950413223141 0.060732009925558314
1 0.6911322314049586 0.30530397022332506 0.19548760330578513 0.13418114143920595
2 0.48476033057851237 0.317803970223325 0.060429752066115706 0.07481389578163772
2 0.28877685950413223 0.3597580645161291 0.058545454545454546 0.08428039702233252
1 0.5509669421487603 0.03766749379652606 0.06722314049586778 0.060446650124069475
2 0.21901652892561982 0.3988647642679901 0.0644793388429752 0.08805210918114144
2 0.03632231404958678 0.4500620347394541 0.07264462809917356 0.10856079404466501
2 0.4755619834710743 0.5036166253101737 0.06517355371900826 0.09656327543424317
2 0.7484132231404959 0.5109801488833747 0.08195041322314049 0.10880893300248139
2 0.6405289256198347 0.6264205955334987 0.1174214876033058 0.14366004962779158
2 0.44781818181818184 0.6280707196029777 0.09233057851239669 0.13207196029776674
2 0.3269917355371901 0.6936414392059554 0.07877685950413223 0.13914392059553352
2 0.3030909090909091 0.07663771712158808 0.027669421487603305 0.03913151364764268
2 0.4672148760330579 0.09065756823821339 0.031950413223140496 0.03739454094292804
2 0.234801652892562 0.10462158808933003 0.029933884297520662 0.047952853598014884