2 0.09881818181818182 0.19200372208436725 0.025735537190082643 0.05150124069478908
2 0.14682644628099173 0.19616004962779154 0.025884297520661157 0.035
2 0.015760330578512397 0.2658002481389578 0.031520661157024794 0.07254342431761786
1 0.6082314049586777 0.03284739454094293 0.029685950413223142 0.018548387096774192
1 0.9231404958677686 0.3988833746898263 0.15041322314049588 0.1575682382133995
1 0.542694214876033 0.04253722084367245 0.03084297520661157 0.020558312655086848
1 0.38044628099173555 0.43121588089330026 0.17907438016528926 0.1676426799007444
1 0.6240826446280991 0.06846153846153846 0.03824793388429752 0.027741935483870966
3 0.12125619834710744 0.06990074441687345 0.08052892561983471 0.0703225806451613
2 0.2987190082644628 0.08189826302729529 0.0156198347107438 0.027320099255583125
1 0.6645537190082644 0.010688585607940447 0.023322314049586776 0.013933002481389579