2 0.4602727272727272 0.21450413223140496 0.01806611570247934 0.04884297520661157
2 0.3127190082644628 0.25753719008264464 0.020479338842975207 0.03904132231404959
2 0.3706611570247934 0.2793884297520661 0.030578512396694214 0.046380165289256196
2 0.697099173553719 0.3279173553719008 0.028909090909090905 0.0475702479338843
2 0.5956115702479339 0.3515785123966942 0.030892561983471078 0.05522314049586776
1 0.2596694214876033 0.3557520661157025 0.11933884297520661 0.10654545454545454
2 0.13411570247933885 0.3998181818181818 0.04013223140495868 0.06575206611570249
2 0.3610661157024793 0.44403305785123964 0.0411404958677686 0.0616198347107438
2 0.23268595041322315 0.5628595041322314 0.06867768595041322 0.09100826446280992
1 0.4748429752066115 0.6538842975206612 0.18274380165289256 0.25983471074380166
2 0.6968842975206612 0.6585867768595042 0.05823140495867768 0.11386776859504133
2 0.9050165289256198 0.8976446280991737 0.07780165289256198 0.1556198347107438
1 0.5570661157024793 0.10570247933884298 0.029834710743801653 0.02628099173553719
1 0.5074628099173554 0.1591900826446281 0.036413223140495866 0.03738842975206612