1 0.18427272727272728 0.016512396694214875 0.05449586776859504 0.03302479338842975
2 0.11481818181818182 0.031280991735537195 0.027983471074380165 0.05264462809917356
2 0.4187190082644628 0.31564462809917354 0.04735537190082644 0.0891404958677686
1 0.3823388429752066 0.03890082644628099 0.07046280991735537 0.07449586776859504
2 0.28946280991735535 0.4196280991735537 0.05330578512396694 0.09214876033057852
2 0.06040495867768595 0.49343801652892555 0.06791735537190083 0.10423140495867769
3 0.6148595041322314 0.5077851239669422 0.35368595041322315 0.5692892561983471
1 0.2586528925619835 0.09409917355371901 0.0908595041322314 0.1154710743801653
2 0.3717190082644628 0.10878512396694215 0.03269421487603306 0.07542148760330579
1 0.26730578512396697 0.011578512396694215 0.05527272727272727 0.02315702479338843
2 0.05464462809917356 0.16004958677685951 0.03986776859504133 0.07216528925619835