1 0.475603305785124 0.15089950372208435 0.07517355371900826 0.06606699751861042
2 0.3953057851239669 0.15627791563275437 0.026975206611570247 0.049528535980148884
1 0.7143801652892562 0.017419354838709676 0.03702479338842975 0.027394540942928036
2 0.7552479338842976 0.16866004962779155 0.036115702479338846 0.05196029776674938
1 0.6752396694214876 0.18522332506203473 0.10089256198347107 0.09004962779156327
1 0.8398181818181819 0.20426178660049626 0.10608264462809919 0.08594292803970223
2 0.2602892561983471 0.20491935483870966 0.0412396694214876 0.05748138957816377
2 0.3196363636363636 0.20614143920595535 0.0376198347107438 0.05496277915632754
1 0.767099173553719 0.020998759305210918 0.03998347107438017 0.03455334987593052
2 0.47091735537190077 0.23679280397022331 0.03935537190082644 0.05919354838709678
2 0.40586776859504137 0.24128411910669975 0.0315702479338843 0.043362282878411915
2 0.1640909090909091 0.2634305210918114 0.05380165289256198 0.06284119106699752
2 0.8109256198347108 0.3414950372208437 0.06152066115702479 0.07504962779156328
2 0.6179834710743801 0.3804466501240695 0.05910743801652892 0.07106699751861043
1 0.20325619834710743 0.5009987593052109 0.37014876033057853 0.32705955334987596
1 0.9222892561983471 0.5070099255583126 0.15532231404958677 0.2447890818858561
2 0.6916115702479338 0.6277109181141439 0.08735537190082644 0.1189454094292804
1 0.5120743801652893 0.06599255583126551 0.08530578512396694 0.07491315136476427
2 0.2921818181818182 0.7515012406947891 0.09841322314049587 0.13823821339950373
1 0.8141818181818181 0.082363523573201 0.07133884297520661 0.058027295285359805
2 0.4044214876033058 0.8609863523573201 0.08818181818181818 0.1413275434243176
2 0.6251074380165289 0.10527295285359801 0.023768595041322314 0.03933002481389578
1 0.2656280991735537 0.123151364764268 0.11472727272727272 0.05523573200992556