1 0.49721487603305786 0.22662531017369728 0.05558677685950414 0.05126550868486352
3 0.5787933884297521 0.24621588089330024 0.07659504132231405 0.0805210918114144
1 0.3605123966942149 0.25122828784119106 0.059867768595041324 0.04091811414392059
1 0.6411818181818182 0.293560794044665 0.08236363636363636 0.06106699751861042
1 0.5029173553719009 0.29654466501240695 0.08682644628099173 0.05959057071960298
1 0.3434628099173554 0.299758064516129 0.09519008264462811 0.05112903225806452
2 0.31060330578512396 0.45220223325062037 0.06914049586776859 0.053287841191067
2 0.017115702479338843 0.4573449131513648 0.034231404958677686 0.07598014888337469
2 0.43711570247933884 0.46024193548387093 0.05439669421487603 0.0644044665012407
2 0.1411487603305785 0.5103163771712159 0.05750413223140496 0.09011166253101736
1 0.5843057851239669 0.5287468982630273 0.1801818181818182 0.14682382133995037
2 0.36760330578512396 0.5441811414392059 0.05752066115702479 0.0635483870967742
2 0.0786611570247934 0.5642369727047146 0.061454545454545456 0.0912531017369727
2 0.16374380165289257 0.6203970223325063 0.06302479338842976 0.09687344913151365
2 0.3137933884297521 0.7961290322580644 0.08874380165289256 0.13320099255583126
2 0.6558760330578512 0.813424317617866 0.058859504132231406 0.12312655086848634