1 0.6193223140495868 0.311197270471464 0.0188099173553719 0.016935483870967744
1 0.6005785123966942 0.36464019851116625 0.03421487603305785 0.027047146401985113
2 0.42970247933884304 0.4220347394540943 0.016429752066115702 0.030173697270471464
1 0.5661157024793388 0.4431079404466501 0.06115702479338843 0.04006203473945409
2 0.21411570247933884 0.45673697270471464 0.0216198347107438 0.03754342431761787
3 0.764297520661157 0.48530397022332505 0.17652892561983471 0.17160049627791563
2 0.15065289256198347 0.4896029776674938 0.030231404958677686 0.03875930521091811
2 0.4322396694214876 0.4943362282878412 0.028115702479338846 0.03830024813895782
2 0.08746280991735537 0.5513275434243177 0.04269421487603305 0.03813895781637717
2 0.03275206611570248 0.6065818858560794 0.04236363636363636 0.06179900744416874
2 0.07879338842975207 0.6652481389578164 0.0451900826446281 0.050099255583126556
1 0.7044132231404959 0.7520967741935485 0.1889917355371901 0.15183622828784119