1 0.46286776859504136 0.017768595041322315 0.046396694214876036 0.028925619834710745
1 0.5367355371900827 0.02077685950413223 0.051983471074380165 0.04155371900826446
2 0.04818181818181818 0.2090495867768595 0.04016528925619835 0.0643801652892562
2 0.47028099173553717 0.24242148760330579 0.028165289256198347 0.055090909090909086
2 0.22183471074380168 0.025140495867768595 0.02052892561983471 0.040363636363636365
1 0.18173553719008265 0.35305785123966943 0.19818181818181818 0.19702479338842976
2 0.4246115702479339 0.6368347107438016 0.07236363636363637 0.13317355371900824
0 0.6774710743801653 0.670404958677686 0.24419834710743804 0.4317190082644628
2 0.2566198347107438 0.11791735537190083 0.030595041322314054 0.04740495867768595
2 0.3792479338842975 0.01412396694214876 0.02130578512396694 0.024942148760330577
2 0.5698760330578512 0.15454545454545454 0.025702479338842975 0.04462809917355372