1 0.6346776859504133 0.17595867768595042 0.032991735537190085 0.03456198347107438
1 0.5861322314049587 0.19661157024793388 0.03176859504132231 0.02958677685950413
1 0.651 0.22796694214876032 0.05241322314049587 0.05262809917355372
2 0.37058677685950414 0.2771652892561984 0.023818181818181818 0.045239669421487605
1 0.6777107438016529 0.3116446280991736 0.07608264462809917 0.07122314049586777
2 0.6265537190082645 0.42058677685950413 0.02996694214876033 0.05439669421487603
0 0.46027272727272733 0.4291404958677686 0.20649586776859505 0.3491900826446281
2 0.7295371900826446 0.45509090909090905 0.04089256198347107 0.07381818181818181
2 0.17478512396694215 0.5646859504132231 0.05535537190082645 0.07813223140495869
2 0.6673719008264463 0.7168595041322314 0.0587107438016529 0.09818181818181818
1 0.8545454545454545 0.8223140495867769 0.28760330578512394 0.35206611570247937
2 0.5969338842975206 0.8303471074380165 0.07651239669421488 0.14003305785123968