1 0.48999173553719005 0.16306451612903228 0.054363636363636364 0.038287841191067
1 0.3431322314049587 0.1876861042183623 0.06477685950413223 0.047828784119106696
1 0.5124793388429753 0.19803349875930523 0.053057851239669426 0.041228287841191064
1 0.5198760330578512 0.24400744416873452 0.09760330578512397 0.061215880893300254
3 0.3854297520661157 0.25430521091811414 0.09978512396694214 0.12399503722084367
2 0.26497520661157026 0.30392059553349876 0.044000000000000004 0.059454094292803975
1 0.6419173553719009 0.3057258064516129 0.1268099173553719 0.09532258064516129
1 0.5366859504132231 0.4049937965260546 0.15105785123966942 0.13008684863523573
2 0.09770247933884298 0.4083498759305211 0.04664462809917355 0.05987593052109181
1 0.4886942148760331 0.04153225806451613 0.018710743801652892 0.01606699751861042
1 0.4573223140495868 0.043790322580645163 0.022082644628099172 0.020583126550868486
1 0.9090909090909091 0.5142679900744417 0.17851239669421487 0.1501240694789082
1 0.3526446280991735 0.10995657568238214 0.04082644628099173 0.028846153846153848