1 0.5473553719008264 0.12813895781637719 0.02694214876033058 0.01806451612903226
3 0.5127520661157025 0.13067617866004963 0.03707438016528926 0.03554590570719603
1 0.573710743801653 0.1461166253101737 0.03337190082644628 0.019280397022332505
1 0.6296776859504132 0.15217741935483872 0.03621487603305785 0.023957816377171214
1 0.46328925619834715 0.15496898263027295 0.037322314049586774 0.03698511166253102
1 0.5808595041322314 0.1900682382133995 0.04766942148760331 0.03274193548387097
1 0.36711570247933883 0.22629652605459058 0.06315702479338843 0.04316377171215881
2 0.13239669421487602 0.27723325062034737 0.02677685950413223 0.028411910669975185
2 0.08097520661157025 0.2986042183622829 0.03302479338842975 0.03641439205955335
1 0.10767768595041324 0.403939205955335 0.15915702479338845 0.10564516129032259
1 0.5472727272727274 0.4875248138957816 0.20528925619834712 0.20581885856079402
1 0.5972809917355372 0.12156947890818859 0.02431404958677686 0.014851116625310174