2 0.02387603305785124 0.15609181141439207 0.04444628099173554 0.06404466501240695
3 0.19968595041322315 0.2295781637717122 0.17457851239669422 0.21101736972704715
2 0.29884297520661157 0.23182382133995036 0.04231404958677686 0.07158808933002482
2 0.3576694214876033 0.2602791563275434 0.054181818181818185 0.05901985111662531
2 0.47971900826446284 0.261712158808933 0.0635702479338843 0.06188585607940447
2 0.02477685950413223 0.3420285359801489 0.04955371900826446 0.083560794044665
1 0.5189421487603305 0.36269851116625307 0.19821487603305785 0.1472332506203474
1 0.207900826446281 0.04133995037220844 0.06869421487603306 0.045459057071960296
1 0.18702479338842976 0.43781637717121585 0.21867768595041323 0.2131017369727047
2 0.43757851239669426 0.51075682382134 0.07846280991735537 0.11332506203473945
2 0.030983471074380167 0.6590136476426799 0.061966942148760334 0.12696029776674939
1 0.7118016528925619 0.699696029776675 0.4252561983471074 0.3497642679900745
1 0.17429752066115703 0.07463399503722085 0.07421487603305785 0.054975186104218365
2 0.28175206611570247 0.09252481389578164 0.027966942148760332 0.04112903225806452