2 0.8597272727272727 0.4976488833746899 0.05003305785123967 0.03748138957816377
2 0.7789834710743802 0.5278163771712159 0.06375206611570249 0.043225806451612905
2 0.29601652892561986 0.5652419354838709 0.0994710743801653 0.06596774193548387
2 0.8038264462809918 0.5787903225806451 0.0638512396694215 0.04095533498759305
1 0.4021404958677686 0.615545905707196 0.3183305785123967 0.11694789081885856
2 0.8155289256198347 0.6669416873449131 0.1004793388429752 0.08078163771712159
2 0.3146859504132231 0.7169292803970224 0.15664462809917354 0.10879652605459057
2 0.8149008264462809 0.7283312655086849 0.10583471074380166 0.08197270471464019
1 0.8066115702479338 0.8517369727047146 0.3867768595041322 0.29404466501240695
2 0.0916198347107438 0.8656513647642681 0.17001652892561983 0.12832506203473945
2 0.22240495867768595 0.9181885856079404 0.21340495867768597 0.14655086848635238