1 0.5318842975206612 0.015384615384615385 0.10509090909090908 0.03076923076923077
1 0.5916694214876033 0.16114764267990073 0.15523966942148762 0.15852357320099256
2 0.7409421487603306 0.18360421836228288 0.05709090909090909 0.07688585607940447
2 0.8059256198347107 0.24294044665012407 0.061438016528925624 0.08389578163771713
2 0.9539752066115702 0.38899503722084366 0.07654545454545456 0.10553349875930522
1 0.6743801652892562 0.4327853598014888 0.2413223140495868 0.31718362282878415
2 0.12449586776859503 0.49714019851116625 0.0936198347107438 0.09849875930521092
2 0.2797685950413223 0.6677171215880893 0.09672727272727273 0.12699751861042183
1 0.8480330578512396 0.07060794044665011 0.12912396694214875 0.13377171215880893
2 0.7202231404958678 0.07287220843672457 0.038793388429752065 0.05889578163771712
2 0.460404958677686 0.11107320099255584 0.058 0.07078163771712158