1 0.4087603305785124 0.2158677685950413 0.037355371900826446 0.04165289256198347
1 0.34075206611570247 0.2544876033057851 0.050099173553719005 0.05608264462809917
1 0.21678512396694216 0.31004958677685945 0.0798512396694215 0.08125619834710743
1 0.4478760330578512 0.31467768595041323 0.066 0.07067768595041322
2 0.15950413223140497 0.36304132231404956 0.03140495867768595 0.06492561983471075
2 0.43643801652892567 0.43781818181818183 0.036512396694214876 0.07563636363636363
2 0.07678512396694215 0.45287603305785123 0.04778512396694215 0.07269421487603306
1 0.2110082644628099 0.4950330578512397 0.15755371900826445 0.1801487603305785
2 0.023454545454545454 0.529793388429752 0.04690909090909091 0.0777685950413223
3 0.5832561983471074 0.5701157024793388 0.22436363636363638 0.3501487603305785
2 0.3488925619834711 0.760586776859504 0.06307438016528925 0.11621487603305786