1 0.5225619834710743 0.20538016528925618 0.07983471074380165 0.08679338842975207
2 0.41821487603305785 0.21169421487603304 0.029818181818181817 0.036611570247933885
1 0.6493801652892562 0.21251239669421487 0.08553719008264463 0.10436363636363637
2 0.3603140495867769 0.22657851239669424 0.023107438016528925 0.04654545454545454
2 0.19906611570247934 0.2687685950413223 0.031190082644628102 0.051586776859504135
2 0.4579338842975207 0.29416528925619834 0.03322314049586777 0.06932231404958678
2 0.3056280991735537 0.3290909090909091 0.03274380165289256 0.05652892561983471
2 0.15859504132231406 0.3826694214876033 0.05272727272727273 0.06451239669421488
1 0.7135454545454545 0.3921239669421488 0.13783471074380166 0.1693719008264463
2 0.3359834710743802 0.4019504132231405 0.04056198347107438 0.07001652892561984
2 0.5987355371900827 0.41331404958677687 0.040446280991735535 0.07952066115702479
2 0.40348760330578515 0.42771074380165286 0.04664462809917355 0.0719504132231405
1 0.49485123966942146 0.048818181818181816 0.024413223140495866 0.02160330578512397
2 0.15665289256198348 0.5057768595041322 0.05876033057851239 0.08593388429752066
1 0.5096942148760331 0.5156033057851239 0.14996694214876033 0.20806611570247932
2 0.3016611570247934 0.5352231404958677 0.054561983471074375 0.10185123966942149
1 0.5973388429752066 0.05498347107438017 0.027735537190082645 0.024016528925619833
2 0.26273553719008264 0.7756859504132232 0.06596694214876032 0.12327272727272727
0 0.859504132231405 0.828099173553719 0.2809917355371901 0.343801652892562
2 0.5997603305785124 0.09675206611570247 0.019355371900826448 0.03813223140495868
2 0.4626280991735537 0.1598181818181818 0.03269421487603306 0.03864462809917355