2 0.06662809917355372 0.17806611570247935 0.02747107438016529 0.03877685950413223
1 0.4085123966942149 0.21981818181818183 0.0996694214876033 0.09914049586776859
2 0.012917355371900826 0.2593305785123967 0.022528925619834713 0.0723801652892562
2 0.12708264462809918 0.2981157024793389 0.032677685950413225 0.05408264462809917
2 0.23250413223140495 0.30765289256198347 0.035256198347107436 0.05993388429752066
2 0.3044297520661157 0.3390661157024793 0.040264462809917356 0.07317355371900827
1 0.3437685950413223 0.04276033057851239 0.04290909090909091 0.049157024793388425
1 0.5195867768595042 0.46887603305785125 0.20942148760330578 0.2732892561983471
2 0.36223140495867767 0.48223140495867767 0.05669421487603305 0.0884297520661157
1 0.18726446280991735 0.6085785123966942 0.22246280991735537 0.34773553719008266
0 0.1871818181818182 0.08267768595041322 0.08345454545454546 0.09593388429752066
2 0.38325619834710745 0.10355371900826446 0.019404958677685952 0.04181818181818182
2 0.12241322314049587 0.15025619834710743 0.026644628099173555 0.05588429752066116