2 0.3743388429752066 0.18094214876033057 0.02471074380165289 0.051140495867768594
3 0.5028264462809917 0.198198347107438 0.08333884297520662 0.13854545454545453
2 0.1902396694214876 0.2258595041322314 0.023454545454545454 0.03849586776859504
1 0.626900826446281 0.24480165289256198 0.0868595041322314 0.08629752066115702
2 0.41738842975206614 0.24848760330578515 0.044694214876033055 0.054
2 0.2951487603305785 0.3071735537190083 0.0316198347107438 0.04905785123966942
2 0.7207107438016529 0.602603305785124 0.05960330578512397 0.1043801652892562
1 0.4611239669421488 0.07738016528925619 0.032991735537190085 0.032446280991735535
1 0.526305785123967 0.07875206611570247 0.0344297520661157 0.03188429752066116
1 0.4014214876033058 0.08557024793388429 0.042512396694214874 0.03560330578512397
1 0.5911404958677686 0.13943801652892562 0.05831404958677686 0.04747107438016529
2 0.31154545454545457 0.15426446280991735 0.01813223140495868 0.04737190082644628