2 0.305595041322314 0.22868595041322312 0.02937190082644628 0.05406611570247934
1 0.1809090909090909 0.2830413223140496 0.15024793388429752 0.1528595041322314
2 0.35016528925619833 0.30657024793388427 0.03917355371900826 0.07099173553719008
1 0.6393471074380166 0.3177768595041322 0.15803305785123967 0.1892727272727273
1 0.326099173553719 0.038578512396694215 0.06376859504132232 0.07054545454545455
2 0.26087603305785123 0.41984297520661157 0.05563636363636363 0.08927272727272727
1 0.36090082644628096 0.5237272727272727 0.1895702479338843 0.28381818181818186
1 0.058553719008264456 0.6372231404958677 0.11380165289256197 0.3091570247933884
2 0.903305785123967 0.9181818181818182 0.08760330578512397 0.16033057851239668
3 0.572504132231405 0.14061157024793386 0.0937685950413223 0.14899173553719008
3 0.42210743801652895 0.14197520661157026 0.1103305785123967 0.20130578512396696
2 0.25750413223140495 0.1572396694214876 0.03236363636363636 0.050016528925619835
2 0.0664793388429752 0.16356198347107437 0.04039669421487604 0.07588429752066116