2 0.24713223140495866 0.1444044665012407 0.06120661157024793 0.08781637717121588
2 0.6037355371900827 0.15466501240694788 0.06036363636363637 0.0884863523573201
2 0.42638016528925615 0.15991315136476425 0.06928925619834711 0.10642679900744417
2 0.1079504132231405 0.17083126550868485 0.06714049586776859 0.09352357320099255
1 0.4399256198347107 0.022394540942928042 0.12282644628099174 0.044789081885856084
2 0.31978512396694214 0.2475620347394541 0.07097520661157024 0.0981017369727047
2 0.5029256198347107 0.26174317617866005 0.06370247933884297 0.10165012406947892
1 0.7966942148760331 0.46029776674937967 0.4033057851239669 0.3573200992555831
1 0.31745454545454543 0.48883995037220845 0.33408264462809917 0.37470223325062035
2 0.5148677685950414 0.08196650124069478 0.05783471074380166 0.08452853598014888
2 0.18059504132231405 0.09959057071960299 0.05705785123966943 0.08751861042183623