1 0.7410078124999999 0.16796759259259259 0.020557291666666665 0.028527777777777777
1 0.8231041666666666 0.218 0.031625 0.030444444444444448
1 0.6802682291666666 0.22080092592592593 0.03553645833333333 0.0434537037037037
1 0.8250755208333334 0.2449722222222222 0.032442708333333334 0.03624074074074074
1 0.8135494791666668 0.27852777777777776 0.044807291666666665 0.03668518518518518
1 0.643609375 0.27825925925925926 0.05701041666666666 0.06577777777777778
2 0.699328125 0.2955509259259259 0.01740625 0.05776851851851852
1 0.8142760416666667 0.33199537037037036 0.06813541666666666 0.08250925925925925
2 0.733890625 0.3343425925925926 0.022989583333333334 0.05387037037037037
2 0.6261614583333334 0.3520462962962963 0.022114583333333333 0.05964814814814815
2 0.5417994791666667 0.4178101851851852 0.040890625 0.08006481481481481
1 0.8034401041666667 0.4589814814814815 0.08813020833333333 0.17537037037037037
2 0.5045651041666667 0.5222453703703703 0.044546875 0.11671296296296296
2 0.4343932291666667 0.5569768518518519 0.05316145833333333 0.10284259259259258
1 0.61090625 0.5748796296296297 0.18014583333333334 0.2516111111111111