2 0.2941487603305785 0.16768595041322315 0.029619834710743805 0.04446280991735537
1 0.39034710743801654 0.27579338842975204 0.1096198347107438 0.10861157024793387
1 0.3782479338842975 0.03257024793388429 0.03252892561983471 0.02877685950413223
2 0.2693801652892562 0.33323966942148764 0.03958677685950413 0.06813223140495868
2 0.12065289256198349 0.3382479338842975 0.046264462809917355 0.07814876033057852
1 0.6550578512396694 0.3414710743801653 0.12664462809917357 0.1407933884297521
2 0.31528925619834713 0.37228925619834713 0.03553719008264463 0.05036363636363636
2 0.5138677685950414 0.38889256198347105 0.04922314049586777 0.07034710743801653
2 0.4471074380165289 0.3902644628099174 0.047933884297520664 0.08631404958677685
2 0.23861983471074383 0.42673553719008267 0.05079338842975207 0.07991735537190083
2 0.14409090909090908 0.4808099173553719 0.05016528925619835 0.08558677685950414
2 0.27469421487603307 0.4931900826446281 0.04360330578512397 0.08390082644628098
2 0.5316859504132232 0.5013801652892562 0.051801652892561986 0.07383471074380166
2 0.41719834710743803 0.520595041322314 0.05753719008264463 0.09904132231404959
2 0.7152396694214876 0.5212479338842976 0.05527272727272727 0.09373553719008265
2 0.3238264462809917 0.5401074380165289 0.06252892561983471 0.10500826446280992
2 0.6094462809917355 0.5772892561983471 0.05856198347107438 0.10003305785123967
2 0.47771074380165285 0.608504132231405 0.056247933884297524 0.10626446280991736
2 0.3379752066115702 0.7074297520661157 0.07099173553719008 0.1289090909090909
2 0.1177603305785124 0.7260247933884297 0.0867603305785124 0.1363471074380165
1 0.8338842975206612 0.7768595041322314 0.3322314049586777 0.4462809917355372
2 0.5934545454545455 0.7865950413223141 0.07616528925619834 0.14178512396694215
2 0.22824793388429754 0.8250661157024793 0.08624793388429752 0.15261157024793387
2 0.3690413223140496 0.9462644628099174 0.0967603305785124 0.104099173553719