2 0.26186776859504135 0.12902605459057073 0.02456198347107438 0.03224565756823821
2 0.3511322314049587 0.13062655086848635 0.024578512396694212 0.030483870967741935
2 0.3091074380165289 0.13080645161290325 0.026479338842975205 0.030843672456575683
1 0.7309090909090908 0.022990074441687346 0.023801652892561986 0.021166253101736972
1 0.7932644628099174 0.02709057071960298 0.032809917355371906 0.021923076923076924
2 0.33401652892561984 0.28700372208436725 0.039933884297520664 0.05043424317617866
1 0.8975206611570248 0.5080645161290323 0.20165289256198346 0.17990074441687345
2 0.1215702479338843 0.5099751861042184 0.0778512396694215 0.09439205955334988
1 0.7735619834710744 0.056222084367245656 0.0363801652892562 0.028076923076923076
2 0.5928429752066116 0.0678349875930521 0.01543801652892562 0.024007444168734494
1 0.6857685950413223 0.08753722084367246 0.04922314049586777 0.04107940446650124