2 0.07725619834710744 0.18227667493796526 0.038809917355371905 0.056861042183622826
1 0.2562644628099173 0.20232630272952853 0.12244628099173553 0.08951612903225807
2 0.44174380165289256 0.2248014888337469 0.04381818181818182 0.052580645161290324
2 0.34389256198347107 0.269075682382134 0.05968595041322314 0.06420595533498759
2 0.4802314049586777 0.300955334987593 0.05467768595041322 0.07089330024813896
2 0.12099173553719009 0.309727047146402 0.04363636363636363 0.07106699751861043
1 0.12045454545454545 0.03119727047146402 0.052479338842975204 0.042543424317617866
3 0.7149173553719008 0.424485111662531 0.3356198347107438 0.3700620347394541
2 0.4531487603305785 0.436712158808933 0.06332231404958678 0.09674937965260547
3 0.28325619834710747 0.4735483870967742 0.26238016528925623 0.35652605459057074
2 0.6648264462809917 0.7615570719602979 0.1329586776859504 0.08142679900744416
1 0.40297520661157027 0.0887468982630273 0.10512396694214876 0.09064516129032259
1 0.2747603305785124 0.10129652605459057 0.08671074380165289 0.07107940446650124
1 0.10682644628099172 0.1076240694789082 0.08142148760330578 0.06140198511166253