1 0.4192708333333333 0.9314814814814815 0.32395833333333335 0.13518518518518519
1 0.8231979166666666 0.24432407407407408 0.030770833333333334 0.034944444444444445
1 0.8126302083333333 0.27847222222222223 0.04609375 0.038425925925925926
1 0.8153671875 0.32858333333333334 0.06615104166666667 0.07198148148148148
2 0.7409739583333333 0.3396064814814815 0.020489583333333335 0.04958333333333333
2 0.6451692708333333 0.3911851851851852 0.034088541666666666 0.08607407407407407
1 0.8038567708333333 0.44335185185185183 0.091046875 0.1515185185185185
2 0.6843541666666667 0.5224722222222222 0.031208333333333334 0.08012962962962963
2 0.49909635416666664 0.5674027777777777 0.049234375000000004 0.12925
1 0.7684739583333333 0.653587962962963 0.13278125 0.29050925925925924
2 0.2920963541666667 0.7308842592592593 0.088359375 0.16917592592592592