1 0.5710495867768596 0.14017990074441689 0.061107438016528924 0.04214640198511166
2 0.48840495867768596 0.1412655086848635 0.02143801652892562 0.03687344913151364
1 0.6039338842975207 0.19209057071960298 0.1070413223140496 0.07897022332506204
2 0.3506611570247934 0.25412531017369727 0.03685950413223141 0.046712158808933
1 0.5269834710743801 0.25785359801488833 0.1481818181818182 0.1186848635235732
2 0.19584297520661156 0.2898076923076923 0.0511900826446281 0.06100496277915633
2 0.5189752066115703 0.40694789081885857 0.06274380165289256 0.08188585607940446
2 0.2412892561983471 0.4075248138957816 0.0660495867768595 0.07311414392059554
2 0.41823140495867767 0.4084801488833747 0.05299173553719009 0.07502481389578164
2 0.5424793388429752 0.5092866004962779 0.056859504132231405 0.07564516129032257
1 0.6762809917355371 0.7728970223325062 0.3409917355371901 0.44901985111662535
1 0.18803305785123967 0.7898697270471464 0.37606611570247933 0.40852357320099253
2 0.38280165289256196 0.8783684863523573 0.10775206611570247 0.15375930521091813