1 0.5790909090909091 0.175 0.04082644628099173 0.049173553719008264
2 0.5804958677685951 0.20671074380165289 0.0171900826446281 0.043173553719008266
1 0.6551322314049587 0.22771074380165288 0.0507603305785124 0.05872727272727273
2 0.39817355371900826 0.24455371900826448 0.03601652892561984 0.03290909090909091
1 0.5321239669421488 0.27025619834710746 0.07912396694214875 0.0644793388429752
2 0.2684380165289256 0.3249504132231405 0.04100826446280992 0.048247933884297524
2 0.6759669421487603 0.32922314049586776 0.029619834710743805 0.04687603305785124
2 0.27489256198347106 0.4439917355371901 0.044000000000000004 0.06484297520661156
1 0.3652809917355372 0.4918677685950413 0.1520495867768595 0.15067768595041323
2 0.6102892561983472 0.5151652892561983 0.05694214876033058 0.07826446280991736
2 0.5212396694214877 0.6209669421487604 0.05735537190082645 0.10474380165289256
2 0.2055123966942149 0.6867768595041323 0.06722314049586778 0.10413223140495868
2 0.5975454545454545 0.7072479338842975 0.054595041322314054 0.10540495867768596
3 0.07520661157024794 0.7909090909090909 0.14710743801652892 0.41487603305785126
1 0.5910330578512396 0.1164380165289256 0.028347107438016526 0.02130578512396694
1 0.5335123966942148 0.13439669421487604 0.029008264462809918 0.030776859504132233