1 0.37188429752066116 0.14089950372208437 0.05947107438016529 0.051029776674937966
2 0.09804132231404958 0.14272952853598014 0.024181818181818183 0.03483870967741935
3 0.8109421487603306 0.2816253101736973 0.1508099173553719 0.14885856079404466
2 0.11623966942148761 0.28652605459057073 0.05066115702479339 0.0842183622828784
2 0.11675206611570249 0.3075868486352357 0.03846280991735537 0.056861042183622826
1 0.5369090909090909 0.03206575682382134 0.025884297520661157 0.021947890818858562
0 0.457404958677686 0.045248138957816375 0.04538842975206612 0.04086848635235732
0 0.6314628099173554 0.44992555831265507 0.3802809917355372 0.4110173697270471
1 0.16472727272727272 0.05427419354838709 0.03854545454545454 0.03410669975186104
1 0.2621074380165289 0.06571339950372208 0.03495867768595041 0.01728287841191067
2 0.355 0.07327543424317619 0.012479338842975207 0.02248138957816377
1 0.8419752066115702 0.07331265508684864 0.03105785123966942 0.01759305210918114
3 0.174 0.7341873449131514 0.3116363636363636 0.42867245657568237
2 0.04065289256198347 0.12286600496277916 0.021801652892561984 0.037295285359801485