1 0.7401770833333334 0.16966203703703706 0.020979166666666667 0.030064814814814815
1 0.6793984375 0.21465277777777778 0.047338541666666664 0.05893518518518518
1 0.6698463541666667 0.3123888888888889 0.062609375 0.0895925925925926
1 0.8212421875 0.32944444444444443 0.062276041666666664 0.0774074074074074
1 0.8205807291666667 0.38858333333333334 0.064078125 0.060500000000000005
1 0.49057552083333333 0.43424074074074076 0.13844270833333333 0.1832962962962963
2 0.5774713541666666 0.44675925925925924 0.034109375 0.10462962962962963
2 0.6865677083333334 0.4905231481481481 0.02834375 0.10512037037037038
1 0.8027838541666666 0.5299768518518518 0.12431770833333333 0.25069444444444444
2 0.08770572916666668 0.7382731481481482 0.018119791666666666 0.035805555555555556
2 0.6300651041666666 0.7978101851851852 0.06638020833333333 0.21599074074074076
2 0.5013072916666667 0.80475 0.08803125 0.20024074074074072