1 0.08297520661157025 0.25640818858560793 0.06677685950413223 0.05127791563275434
2 0.19430578512396696 0.3294292803970223 0.03819834710743802 0.036029776674937966
2 0.07471074380165289 0.4451861042183623 0.056859504132231405 0.049181141439205954
2 0.162702479338843 0.49092431761786604 0.05763636363636363 0.0885483870967742
2 0.11559504132231406 0.556302729528536 0.065900826446281 0.07290322580645162
2 0.020537190082644628 0.6385421836228288 0.041074380165289255 0.11083126550868486
2 0.275702479338843 0.6574131513647643 0.05553719008264463 0.09646401985111662
2 0.1841900826446281 0.6805893300248138 0.0708595041322314 0.10311414392059554
3 0.5310413223140495 0.759423076923077 0.48687603305785127 0.4766625310173697
2 0.15566942148760332 0.7714640198511166 0.09315702479338843 0.12109181141439206
2 0.13264462809917354 0.9086910669975186 0.11983471074380166 0.15733250620347394