1 0.8598016528925619 0.46463399503722086 0.07332231404958678 0.06574441687344913
1 0.8228264462809918 0.5525682382133995 0.05887603305785123 0.08032258064516129
1 0.4874462809917355 0.5627295285359801 0.12530578512396695 0.08575682382133995
2 0.2635785123966942 0.5907133995037221 0.041206611570247936 0.07720843672456575
1 0.9063471074380166 0.607741935483871 0.14657851239669423 0.09637717121588091
2 0.17451239669421487 0.6285669975186104 0.0548099173553719 0.07847394540942929
2 0.06017355371900827 0.6361104218362283 0.0476198347107438 0.05633995037220843
2 0.6991404958677686 0.6635732009925559 0.05613223140495868 0.0690818858560794
1 0.3621900826446281 0.6714330024813895 0.16900826446280992 0.11209677419354838
2 0.8166363636363636 0.6851923076923077 0.06302479338842976 0.09991315136476427
2 0.03585950413223141 0.6953846153846154 0.06510743801652892 0.07563275434243176
2 0.5974462809917355 0.7054962779156327 0.05770247933884297 0.10081885856079405
1 0.9296115702479338 0.7187965260545905 0.14021487603305785 0.15471464019851117
2 0.9302975206611571 0.7889950372208436 0.07547107438016529 0.09411910669975186
2 0.3404297520661157 0.8007692307692307 0.08251239669421488 0.09533498759305212
1 0.12238842975206612 0.8097828784119107 0.201801652892562 0.18035980148883377
2 0.7360495867768595 0.8244292803970223 0.07375206611570248 0.12528535980148883
1 0.4963636363636364 0.8923697270471465 0.2786776859504132 0.21153846153846154
1 0.925396694214876 0.9025248138957815 0.14831404958677685 0.19214640198511168