1 0.5097107438016529 0.4165570719602978 0.02768595041322314 0.01673697270471464
1 0.4853223140495868 0.4229528535980149 0.021884297520661157 0.017121588089330026
1 0.5069917355371901 0.4584863523573201 0.03216528925619835 0.021191066997518607
1 0.6022561983471074 0.46450372208436724 0.040876033057851244 0.030744416873449133
1 0.5472314049586776 0.4826302729528536 0.043223140495867764 0.02729528535980149
3 0.5083388429752066 0.5070967741935484 0.054694214876033063 0.05389578163771712
1 0.6345289256198346 0.5107692307692308 0.055834710743801655 0.03890818858560794
2 0.14272727272727273 0.6018796526054591 0.027603305785123967 0.04246898263027295
2 0.08366115702479339 0.6358684863523573 0.03509090909090909 0.04096774193548387
2 0.01818181818181818 0.6637717121588089 0.03636363636363636 0.06451612903225806
1 0.676 0.8829776674937966 0.19497520661157025 0.16545905707196032