1 0.49502479338842975 0.2808436724565757 0.03137190082644628 0.0232258064516129
2 0.2782727272727273 0.3175558312655087 0.014396694214876035 0.024689826302729527
1 0.5158429752066115 0.32611042183622835 0.05647933884297521 0.05172456575682382
1 0.6148512396694215 0.3538957816377171 0.05284297520661157 0.04277915632754342
1 0.7475867768595041 0.3689019851116625 0.06376859504132232 0.04549627791563276
1 0.6439586776859505 0.3836538461538462 0.078 0.057630272952853605
1 0.4700495867768595 0.40849255583126554 0.08720661157024794 0.06016129032258065
2 0.03827272727272728 0.41770471464019854 0.02695867768595041 0.038883374689826306
1 0.4369256198347108 0.483182382133995 0.11021487603305787 0.08547146401985112
1 0.2949586776859504 0.6006761786600496 0.17338842975206611 0.13435483870967743
1 0.2158595041322314 0.7758498759305211 0.21023140495867768 0.17452853598014886