1 0.3726198347107438 0.02565289256198347 0.05102479338842975 0.048
2 0.304801652892562 0.2598595041322314 0.0476198347107438 0.07343801652892562
1 0.03777685950413223 0.28342148760330577 0.07224793388429752 0.1635371900826446
2 0.3530082644628099 0.3124049586776859 0.03824793388429752 0.0760495867768595
2 0.3132892561983471 0.3871570247933884 0.04476033057851239 0.08009917355371901
1 0.5248842975206611 0.5448677685950413 0.22662809917355375 0.33932231404958674
2 0.20898347107438017 0.054181818181818185 0.021272727272727273 0.03894214876033058
1 0.08606611570247934 0.07065289256198348 0.0795702479338843 0.06527272727272727
2 0.15127272727272725 0.08 0.028165289256198347 0.05421487603305784
1 0.405900826446281 0.12822314049586778 0.09444628099173553 0.10768595041322315
2 0.29240495867768596 0.14845454545454545 0.03935537190082644 0.06880991735537191