3 0.914297520661157 0.14843052109181143 0.03685950413223141 0.033833746898263024
1 0.9592727272727273 0.16471464019851115 0.040859504132231404 0.024218362282878412
1 0.6043801652892562 0.18181761786600495 0.0484297520661157 0.026166253101736973
2 0.7452314049586777 0.2419602977667494 0.03261157024793389 0.034789081885856075
2 0.31634710743801653 0.26502481389578164 0.024429752066115702 0.04121588089330025
1 0.8109338842975207 0.2862531017369727 0.08798347107438016 0.06630272952853598
2 0.523801652892562 0.32361662531017366 0.03272727272727273 0.03681141439205955
2 0.106099173553719 0.327605459057072 0.03699173553719008 0.034863523573200994
2 0.18009917355371902 0.33074441687344913 0.03623140495867769 0.04858560794044665
2 0.008867768595041323 0.35911290322580647 0.017735537190082647 0.053213399503722086
2 0.3632396694214876 0.38095533498759304 0.035570247933884296 0.04230769230769231
2 0.1552892561983471 0.5078349875930521 0.06925619834710743 0.06777915632754343
1 0.6423140495867768 0.6933933002481389 0.24661157024793387 0.22549627791563276
2 0.16346280991735537 0.8045967741935484 0.10213223140495868 0.12035980148883375