1 0.6459586776859504 0.12825682382133996 0.029107438016528923 0.018300248138957816
3 0.13900826446280992 0.1807816377171216 0.07966942148760331 0.06627791563275434
2 0.29174380165289254 0.18193548387096772 0.014892561983471074 0.023920595533498762
1 0.660404958677686 0.19337468982630274 0.038165289256198345 0.02694789081885856
1 0.6204628099173554 0.21538461538461537 0.054148760330578506 0.04367245657568239
2 0.3182809917355372 0.2698076923076923 0.02499173553719008 0.0408560794044665
3 0.4637685950413223 0.2972952853598015 0.09117355371900826 0.11568238213399504
1 0.6855702479338842 0.33161290322580644 0.09180165289256198 0.06521091811414392
2 0.03528099173553719 0.36352357320099254 0.027586776859504135 0.03722084367245657
1 0.8209834710743802 0.5354528535980149 0.20725619834710743 0.15775434243176178
2 0.03565289256198347 0.9142183622828784 0.07130578512396694 0.15101736972704716