3 0.060933884297520655 0.14359181141439206 0.08219834710743801 0.05889578163771712
1 0.5074628099173554 0.18826302729528538 0.05294214876033058 0.036575682382133996
1 0.5924545454545455 0.19767369727047146 0.05433057851239669 0.047952853598014884
2 0.2719256198347107 0.20448511166253103 0.018231404958677686 0.031799007444168734
3 0.42891735537190084 0.21212158808933002 0.06775206611570249 0.0594789081885856
1 0.5510991735537191 0.22259305210918115 0.06418181818181817 0.05064516129032258
2 0.09207438016528925 0.22777915632754342 0.025471074380165288 0.0386848635235732
1 0.622099173553719 0.24978908188585605 0.07064462809917356 0.05044665012406947
2 0.030760330578512397 0.26936724565756826 0.02846280991735537 0.03997518610421836
2 0.3275785123966942 0.31168114143920594 0.04028099173553719 0.06504962779156327
1 0.6529090909090909 0.3253660049627792 0.10581818181818181 0.07008684863523573
1 0.9301404958677686 0.36005583126550866 0.05532231404958678 0.02780397022332506
1 0.8362396694214876 0.4725124069478909 0.17495867768595041 0.11872208436724566
1 0.5484545454545454 0.07017990074441686 0.022528925619834713 0.016290322580645163
1 0.4597190082644628 0.112636476426799 0.030181818181818185 0.021799007444168735