2 0.6898842975206612 0.12792803970223324 0.03431404958677686 0.030049627791563276
2 0.6247768595041322 0.13459677419354837 0.026413223140495868 0.04338709677419355
1 0.872801652892562 0.15876550868486353 0.08940495867768596 0.06442928039702234
2 0.5602727272727273 0.1705024813895782 0.029636363636363634 0.05316377171215881
2 0.46111570247933886 0.177772952853598 0.03628099173553719 0.04785359801488834
1 0.6693801652892563 0.17998759305210918 0.09578512396694215 0.07461538461538461
2 0.5095702479338843 0.1946650124069479 0.034016528925619835 0.049379652605459054
2 0.768297520661157 0.22650124069478908 0.048991735537190086 0.063424317617866
2 0.38634710743801653 0.26117866004962775 0.04872727272727273 0.0732258064516129
2 0.9748264462809917 0.26294044665012406 0.04552066115702479 0.07178660049627791
2 0.4668347107438017 0.27009925558312653 0.04771900826446281 0.05384615384615384
2 0.9172809917355372 0.29870967741935484 0.042826446280991734 0.051513647642679905
2 0.5616859504132231 0.32882754342431764 0.052297520661157025 0.06708436724565757
2 0.8541652892561983 0.3384677419354839 0.05213223140495868 0.06899503722084367
2 0.20210743801652895 0.3449069478908189 0.0637190082644628 0.06698511166253102
2 0.9669421487603306 0.37779156327543423 0.06611570247933884 0.09057071960297766
2 0.3128925619834711 0.37742555831265506 0.06710743801652892 0.06998759305210918
2 0.4816942148760331 0.3866687344913151 0.06421487603305785 0.08102977667493796
2 0.9077851239669422 0.5397456575682382 0.07342148760330579 0.09934243176178659
1 0.3689504132231405 0.5881947890818858 0.3709586776859504 0.27564516129032257
2 0.9760330578512396 0.705955334987593 0.04462809917355372 0.12903225806451613
2 0.7494214876033057 0.10450992555831265 0.024462809917355374 0.03780397022332506
2 0.9395206611570247 0.1054528535980149 0.024495867768595043 0.03224565756823821