1 0.3207107438016529 0.19447107438016528 0.033157024793388425 0.031917355371900824
1 0.4183388429752066 0.19677685950413223 0.03337190082644628 0.039834710743801655
1 0.3598677685950413 0.21925619834710744 0.04204958677685951 0.04512396694214876
1 0.4445950413223141 0.25492561983471074 0.04621487603305785 0.04704132231404959
1 0.27382644628099173 0.25941322314049586 0.05839669421487603 0.05932231404958678
2 0.43519834710743804 0.31520661157024793 0.024115702479338842 0.04198347107438016
1 0.29096694214876034 0.35420661157024796 0.09928925619834711 0.10345454545454547
2 0.16426446280991736 0.3670330578512397 0.03100826446280992 0.04646280991735537
3 0.5097851239669422 0.38644628099173556 0.11378512396694215 0.1547107438016529
2 0.39582644628099173 0.4097190082644628 0.0412396694214876 0.07563636363636363
2 0.29819834710743803 0.535809917355372 0.04102479338842975 0.07988429752066116
1 0.05676859504132231 0.6825619834710743 0.11023140495867768 0.2940495867768595
2 0.3711404958677686 0.7095454545454545 0.04476033057851239 0.09347107438016529
2 0.6870495867768596 0.9071404958677687 0.07823140495867768 0.1514710743801653
2 0.45815702479338843 0.9216280991735538 0.06672727272727272 0.14408264462809917