1 0.5417933884297521 0.13934863523573202 0.05218181818181818 0.04296526054590571
1 0.6083471074380166 0.15597394540942927 0.0662809917355372 0.048920595533498756
2 0.23507438016528925 0.17581885856079404 0.027173553719008266 0.03898263027295286
2 0.32234710743801653 0.18331885856079405 0.026512396694214874 0.04405707196029776
1 0.11577685950413223 0.19674937965260544 0.11254545454545455 0.05602977667493796
1 0.7029586776859504 0.2677605459057072 0.12327272727272727 0.10872208436724565
1 0.09415702479338843 0.3016935483870968 0.18831404958677686 0.16666253101736975
2 0.44688429752066117 0.3074937965260546 0.040876033057851244 0.059156327543424314
2 0.5829504132231405 0.3194230769230769 0.03532231404958678 0.05323821339950372
2 0.22572727272727272 0.3355086848635236 0.04484297520661157 0.07300248138957817
2 0.5097768595041323 0.35571960297766747 0.04104132231404958 0.05883374689826303
2 0.7663471074380165 0.3836290322580645 0.05170247933884298 0.08239454094292803
2 0.17293388429752066 0.3875744416873449 0.05495867768595041 0.06299007444168735
2 0.42063636363636364 0.39746277915632755 0.04457851239669421 0.057952853598014886
2 0.6350165289256199 0.4017803970223325 0.046892561983471075 0.07155086848635236
2 0.7254297520661157 0.44903225806451613 0.05581818181818182 0.07424317617866005
2 0.572702479338843 0.48383995037220845 0.05449586776859504 0.08182382133995038
2 0.21894214876033058 0.48516129032258065 0.06763636363636363 0.08694789081885856
1 0.06664462809917356 0.5567493796526055 0.12998347107438016 0.2524565756823821
2 0.6195537190082644 0.571197270471464 0.07216528925619835 0.0927667493796526
1 0.8359421487603306 0.6523883374689827 0.27353719008264465 0.3022952853598015
2 0.07567768595041321 0.7189888337468983 0.1249090909090909 0.16998759305210917
1 0.4349834710743802 0.7573076923076922 0.31128925619834713 0.4699503722084367
1 0.5233719008264462 0.09337468982630273 0.035173553719008266 0.02794044665012407
1 0.620107438016529 0.10880893300248139 0.04021487603305785 0.03399503722084367