2 0.34027083333333336 0.1742175925925926 0.02325 0.07436111111111111
2 0.4258151041666667 0.18125462962962963 0.021421875 0.04399074074074074
2 0.46160416666666665 0.18718055555555554 0.026333333333333334 0.04473148148148148
2 0.30928645833333335 0.2360462962962963 0.028989583333333332 0.09987037037037037
2 0.5045651041666667 0.29648148148148146 0.034130208333333335 0.09666666666666668
3 0.29192708333333334 0.04212962962962963 0.04739583333333333 0.08425925925925926
2 0.6784947916666667 0.5136805555555556 0.05907291666666667 0.11439814814814815
2 0.7114296875 0.6188101851851853 0.07598437499999999 0.16724999999999998
2 0.8190963541666666 0.7301898148148148 0.07985937500000001 0.1733425925925926
2 0.5160182291666666 0.8205138888888889 0.09870312499999999 0.30769444444444444
2 0.26931770833333335 0.09016203703703704 0.014677083333333334 0.05810185185185185