1 0.4890247933884298 0.167227047146402 0.042512396694214874 0.026761786600496277
1 0.6151570247933884 0.2395285359801489 0.06337190082644628 0.03985111662531017
1 0.44952066115702477 0.3012344913151365 0.08581818181818182 0.06152605459057072
1 0.6248595041322315 0.30509925558312656 0.09930578512396694 0.08166253101736971
2 0.3137603305785124 0.36623449131513647 0.03247933884297521 0.04264267990074441
2 0.39701652892561984 0.366712158808933 0.033702479338842975 0.046079404466501245
2 0.13603305785123967 0.38001240694789085 0.037355371900826446 0.040421836228287836
2 0.7736942148760331 0.3871091811414392 0.04325619834710744 0.05957816377171216
2 0.22149586776859503 0.3882133995037221 0.03307438016528926 0.04441687344913151
2 0.25997520661157025 0.39120347394540944 0.04061157024793388 0.07769230769230769
1 0.5771900826446281 0.3922456575682382 0.12297520661157026 0.08722084367245657
2 0.2598429752066116 0.40739454094292804 0.03373553719008265 0.04555831265508685
2 0.17375206611570249 0.43729528535980144 0.04998347107438016 0.045806451612903226
2 0.4476115702479339 0.4395037220843673 0.04894214876033058 0.07503722084367245
2 0.36619834710743804 0.44856079404466503 0.054710743801652896 0.0658560794044665
1 0.9239669421487603 0.4683622828784119 0.1487603305785124 0.1501240694789082
2 0.03565289256198347 0.4702977667493797 0.04155371900826446 0.0547394540942928
1 0.20916528925619834 0.512059553349876 0.19684297520661156 0.12833746898263027
2 0.6006611570247934 0.5574875930521092 0.07735537190082645 0.0851985111662531
1 0.3541404958677686 0.7164454094292805 0.2917520661157025 0.2765632754342432
2 0.6978264462809918 0.7336600496277916 0.08325619834710743 0.15962779156327542
2 0.9592314049586778 0.7908746898263028 0.08044628099173554 0.13261786600496278
1 0.04132231404958678 0.8002481389578163 0.08264462809917356 0.228287841191067