2 0.37224793388429755 0.12505583126550868 0.01722314049586777 0.029267990074441686
2 0.26985950413223136 0.15419354838709678 0.02732231404958678 0.04535980148883375
2 0.1902396694214876 0.15537220843672456 0.0267603305785124 0.04523573200992556
2 0.4573801652892562 0.17850496277915634 0.03211570247933884 0.04187344913151365
3 0.4726280991735537 0.02016749379652606 0.056 0.032890818858560794
2 0.040504132231404956 0.26733250620347393 0.05786776859504132 0.06568238213399503
1 0.8515123966942149 0.33711538461538465 0.1393884297520661 0.1159181141439206
1 0.7886859504132231 0.06258684863523573 0.04348760330578512 0.03088089330024814
1 0.8789173553719009 0.6475124069478908 0.24047933884297523 0.33968982630272954
1 0.5155123966942149 0.8792803970223325 0.3467272727272727 0.23746898263027297
2 0.34763636363636363 0.1110545905707196 0.017586776859504133 0.02856079404466501