2 0.057462809917355376 0.1332196029776675 0.04550413223140496 0.06048387096774194
2 0.019181818181818182 0.15553349875930522 0.038363636363636364 0.08029776674937965
2 0.21453719008264466 0.21777915632754344 0.06874380165289257 0.08071960297766749
2 0.10009090909090909 0.2330831265508685 0.0679504132231405 0.051774193548387096
2 0.402198347107438 0.03403225806451613 0.0572892561983471 0.05813895781637717
2 0.4062892561983471 0.35689205955334985 0.07869421487603305 0.09343672456575683
2 0.7422479338842976 0.35885856079404466 0.09276033057851239 0.13459057071960298
2 0.9330165289256199 0.3625 0.10074380165289257 0.15924317617866005
1 0.0933305785123967 0.3624317617866005 0.18335537190082646 0.2087344913151365
2 0.9390826446280991 0.39671836228287843 0.07981818181818182 0.10609181141439207
2 0.643 0.4304342431761787 0.1091404958677686 0.16359801488833747
2 0.8613305785123967 0.5103970223325062 0.08299173553719008 0.12997518610421838
2 0.664702479338843 0.06146401985111662 0.05337190082644628 0.06089330024813896
1 0.47362809917355375 0.642090570719603 0.35221487603305784 0.27921836228287844
1 0.2894297520661157 0.07923076923076923 0.1557190082644628 0.11627791563275434
2 0.15911570247933884 0.08601116625310173 0.053768595041322316 0.0727667493796526
2 0.8532231404958679 0.8644913151364764 0.1262809917355372 0.20292803970223325
2 0.7053057851239669 0.9385421836228288 0.14449586776859505 0.12274193548387098
1 0.5325867768595042 0.09458436724565757 0.15277685950413225 0.1221712158808933