1 0.407198347107438 0.21201652892561984 0.04084297520661157 0.04386776859504132
1 0.2780495867768595 0.21608264462809915 0.03709090909090909 0.03547107438016529
1 0.33108264462809917 0.2613884297520661 0.05720661157024793 0.05996694214876033
2 0.2783305785123967 0.3035950413223141 0.02112396694214876 0.04851239669421488
1 0.19498347107438016 0.3190495867768595 0.0891404958677686 0.08603305785123966
1 0.45157851239669416 0.32941322314049587 0.070099173553719 0.07370247933884298
2 0.13484297520661156 0.393900826446281 0.03497520661157025 0.07044628099173553
2 0.07027272727272728 0.44176859504132227 0.04467768595041322 0.08684297520661156
2 0.28126446280991735 0.46935537190082643 0.030297520661157023 0.0527603305785124
2 0.4395619834710744 0.5124710743801654 0.0427603305785124 0.0695702479338843
1 0.1713471074380165 0.5694049586776859 0.1972396694214876 0.23302479338842974
3 0.6348925619834711 0.6862892561983471 0.3011900826446281 0.47671074380165296