1 0.517090909090909 0.3921898263027295 0.08872727272727272 0.07966501240694789
1 0.38788429752066117 0.41431141439205954 0.108 0.07428039702233251
2 0.031809917355371906 0.43202853598014884 0.05370247933884298 0.06008684863523573
2 0.2121818181818182 0.45675558312655085 0.05742148760330579 0.07728287841191067
1 0.586495867768595 0.47932382133995033 0.13497520661157025 0.09264267990074442
2 0.3067107438016529 0.49526054590570723 0.044826446280991736 0.05751861042183623
1 0.6681818181818182 0.5482196029776675 0.17603305785123968 0.11877171215880894
2 0.20789256198347109 0.5567431761786601 0.06206611570247934 0.07378411910669976
1 0.0648595041322314 0.5633436724565757 0.1297190082644628 0.19864764267990076
2 0.438801652892562 0.5749751861042184 0.05115702479338843 0.07550868486352358
2 0.2724462809917355 0.592531017369727 0.06555371900826445 0.06843672456575682
2 0.6319669421487603 0.6282692307692308 0.06393388429752066 0.07787841191066998
2 0.3901818181818182 0.6369913151364763 0.05970247933884297 0.08043424317617866
2 0.5263801652892561 0.6644913151364765 0.07094214876033059 0.12550868486352357
2 0.5856115702479339 0.7122828784119107 0.08692561983471075 0.1119106699751861
1 0.28378512396694217 0.7121091811414393 0.22707438016528925 0.1711166253101737
1 0.7992892561983471 0.7989330024813897 0.27626446280991734 0.20332506203473946