3 0.2760578512396694 0.13331885856079403 0.04963636363636364 0.05323821339950372
1 0.5884214876033058 0.14392679900744415 0.03304132231404958 0.024826302729528536
1 0.7120826446280992 0.1478225806451613 0.029123966942148763 0.025173697270471463
3 0.6782314049586776 0.15442928039702233 0.05067768595041322 0.0507940446650124
1 0.7766859504132231 0.24108560794044664 0.08229752066115702 0.047928039702233256
1 0.9111239669421488 0.294075682382134 0.07679338842975207 0.08194789081885856
1 0.7823884297520661 0.345514888337469 0.1366776859504132 0.0905334987593052
2 0.3225619834710744 0.3622952853598015 0.043471074380165294 0.07694789081885857
2 0.12179338842975207 0.40648883374689826 0.045239669421487605 0.058635235732009926
2 0.26372727272727275 0.42988833746898264 0.05472727272727273 0.06076923076923076
2 0.15751239669421488 0.5155521091811414 0.07370247933884298 0.09065756823821339
2 0.0891900826446281 0.6397332506203474 0.06928925619834711 0.0859181141439206
2 0.22104132231404958 0.6962531017369726 0.0916694214876033 0.09970223325062035
1 0.6401652892561983 0.07156327543424318 0.017520661157024792 0.016575682382133996
1 0.6833388429752066 0.10511786600496277 0.031140495867768594 0.02661290322580645
1 0.636107438016529 0.1113213399503722 0.02593388429752066 0.019168734491315134