2 0.606 0.16560330578512397 0.028512396694214875 0.033685950413223135
2 0.28084297520661156 0.1810909090909091 0.02616528925619835 0.04153719008264463
2 0.3754545454545455 0.19765289256198346 0.030231404958677686 0.04487603305785124
2 0.48699173553719005 0.1994214876033058 0.03185123966942149 0.0484297520661157
2 0.2948925619834711 0.24269421487603307 0.027785123966942146 0.042413223140495865
2 0.6573388429752066 0.24285950413223142 0.02213223140495868 0.03943801652892562
2 0.23510743801652895 0.25434710743801653 0.027239669421487603 0.04257851239669422
2 0.6224462809917355 0.2560165289256198 0.0283801652892562 0.039305785123966944
2 0.35520661157024797 0.2945785123966942 0.04925619834710744 0.06023140495867768
2 0.6083140495867768 0.33771900826446277 0.03976859504132231 0.06388429752066116
2 0.2619338842975207 0.35591735537190083 0.04122314049586777 0.06390082644628099
2 0.33495867768595045 0.38920661157024794 0.03851239669421488 0.07426446280991736
2 0.5856694214876033 0.4066611570247934 0.040776859504132235 0.0728099173553719
2 0.6122148760330578 0.5103140495867768 0.05750413223140496 0.07186776859504132
1 0.4481652892561983 0.5868099173553719 0.1955206611570248 0.31082644628099176
2 0.21609917355371902 0.6165950413223141 0.0784793388429752 0.12575206611570247
1 0.797900826446281 0.6243471074380166 0.2602644628099174 0.37596694214876036
1 0.5757851239669421 0.07274380165289256 0.027586776859504135 0.029785123966942148
1 0.6022644628099174 0.0883801652892562 0.0375702479338843 0.04122314049586777
1 0.4559834710743802 0.09659504132231404 0.03922314049586777 0.04110743801652893
2 0.36390082644628097 0.11942148760330579 0.020380165289256198 0.03717355371900826
2 0.5208760330578512 0.15651239669421488 0.02358677685950413 0.032033057851239666
2 0.6168264462809917 0.7133719008264462 0.07580165289256198 0.18211570247933886