2 0.26167768595041324 0.12824441687344912 0.0638512396694215 0.06790322580645161
2 0.3507685950413223 0.15165012406947892 0.06682644628099174 0.07501240694789083
2 0.2674628099173554 0.21709677419354836 0.06550413223140496 0.0892803970223325
2 0.021983471074380166 0.3058498759305211 0.04066115702479339 0.08316377171215882
2 0.10850413223140495 0.3575620347394541 0.09138842975206611 0.11214640198511167
2 0.8896528925619834 0.35811414392059554 0.10327272727272727 0.11573200992555831
1 0.346900826446281 0.387909429280397 0.32355371900826446 0.2596898263027295
1 0.9635289256198346 0.04542183622828784 0.07251239669421487 0.09084367245657568
2 0.4355206611570248 0.0589454094292804 0.04790082644628099 0.07074441687344914
2 0.37202479338842975 0.059944168734491314 0.043223140495867764 0.050409429280397024
2 0.5018595041322315 0.6420223325062036 0.12107438016528925 0.1550124069478908
2 0.4964710743801653 0.06796526054590571 0.04748760330578512 0.0664516129032258
2 0.15113223140495868 0.08523573200992555 0.05102479338842975 0.07121588089330025
1 0.6258512396694215 0.08810173697270471 0.17071074380165288 0.12905707196029775
2 0.5899421487603306 0.8824317617866005 0.14517355371900825 0.21151364764267988
2 0.9851239669421488 0.10483870967741936 0.026446280991735537 0.06575682382133995