1 0.4349917355371901 0.13365384615384615 0.06667768595041323 0.043982630272952856
2 0.06791735537190083 0.15037841191066997 0.030049586776859503 0.03524813895781638
2 0.3323801652892562 0.16906327543424315 0.030049586776859503 0.04780397022332506
2 0.33245454545454545 0.18169354838709675 0.026892561983471074 0.03584367245657568
1 0.6502975206611571 0.21108560794044665 0.11712396694214876 0.08470223325062035
2 0.34856198347107437 0.30656327543424317 0.04257851239669422 0.06722084367245658
1 0.5207768595041322 0.03174317617866005 0.04320661157024794 0.0461166253101737
1 0.8291487603305785 0.3381079404466501 0.1673884297520661 0.09805210918114145
3 0.06845454545454545 0.05026674937965261 0.06418181818181817 0.05586848635235732
3 0.546198347107438 0.09445409429280396 0.07421487603305785 0.08220843672456576
2 0.17973553719008264 0.0984181141439206 0.018975206611570247 0.03306451612903226
2 0.3232809917355372 0.10004962779156328 0.025074380165289255 0.033846153846153845