1 0.609909090909091 0.1790495867768595 0.10907438016528925 0.14983471074380167
2 0.7469090909090909 0.18501652892561984 0.03596694214876033 0.065900826446281
1 0.39768595041322313 0.22222314049586775 0.13090909090909092 0.15353719008264463
1 0.8817603305785124 0.2662892561983471 0.1701322314049587 0.18877685950413223
2 0.7529338842975206 0.2920826446280992 0.05462809917355371 0.08499173553719008
2 0.19105785123966942 0.3327438016528926 0.048231404958677684 0.08036363636363636
2 0.7065454545454545 0.36366942148760334 0.04449586776859504 0.08932231404958678
2 0.8138842975206612 0.4924049586776859 0.06082644628099173 0.11208264462809918
1 0.23733057851239667 0.5438099173553719 0.27631404958677686 0.3173719008264463
1 0.4573140495867769 0.6305785123966943 0.24355371900826445 0.40165289256198344
2 0.39670247933884295 0.07694214876033058 0.029768595041322315 0.04809917355371901
2 0.3540330578512397 0.08380165289256199 0.027074380165289253 0.04859504132231405
2 0.9587355371900826 0.8752479338842974 0.07945454545454546 0.13396694214876032
1 0.4806363636363637 0.0889504132231405 0.07862809917355372 0.08864462809917356
2 0.6998181818181818 0.1321487603305785 0.027735537190082645 0.04942148760330578
2 0.7990165289256198 0.1598099173553719 0.03439669421487603 0.06176859504132231