1 0.8403057851239669 0.131712158808933 0.12028099173553718 0.09468982630272953
2 0.6035454545454545 0.18969602977667496 0.04014876033057851 0.05681141439205955
2 0.682305785123967 0.20580645161290323 0.04229752066115702 0.06421836228287842
2 0.8379256198347107 0.2832258064516129 0.06262809917355372 0.07265508684863524
1 0.4364876033057851 0.03152605459057072 0.11595041322314051 0.05560794044665012
2 0.9676363636363635 0.5636786600496277 0.06419834710743802 0.10750620347394542
2 0.43818181818181823 0.5647022332506203 0.09289256198347108 0.1194789081885856
1 0.6530082644628099 0.06173697270471465 0.09940495867768595 0.0688833746898263
1 0.5967603305785124 0.6585607940446649 0.3207933884297521 0.36923076923076925
0 0.1590909090909091 0.6586538461538461 0.31157024793388427 0.6324441687344913
2 0.4829421487603306 0.08089330024813896 0.03365289256198347 0.05260545905707196