2 0.9654462809917356 0.4652791563275434 0.04328925619834711 0.04470223325062035
1 0.16590082644628099 0.489317617866005 0.060727272727272734 0.038188585607940445
2 0.8472809917355372 0.5118052109181142 0.054892561983471075 0.04842431761786601
2 0.7228760330578512 0.529485111662531 0.07715702479338843 0.05152605459057072
1 0.968603305785124 0.5639578163771712 0.05952066115702479 0.08573200992555831
2 0.8338181818181818 0.6820223325062035 0.06763636363636363 0.09109181141439206
2 0.7133553719008264 0.7310980148883375 0.11431404958677685 0.0974317617866005
1 0.36833884297520664 0.7308560794044664 0.4523801652892562 0.2309429280397022
2 0.9705206611570247 0.7504404466501241 0.056743801652892556 0.08152605459057072
2 0.8672396694214876 0.8267617866004963 0.13117355371900827 0.09769230769230769
2 0.743801652892562 0.9330024813895782 0.1487603305785124 0.1315136476426799
2 0.9115371900826447 0.9657009925558313 0.1172892561983471 0.06787841191066997