1 0.6382975206611571 0.22916873449131514 0.020396694214876034 0.014168734491315137
0 0.586190082644628 0.2397146401985112 0.02527272727272727 0.03277915632754343
1 0.6082066115702479 0.2515260545905707 0.029636363636363634 0.019181141439205955
3 0.1838595041322314 0.2906637717121588 0.07019834710743801 0.060235732009925554
1 0.43999173553719007 0.30785980148883374 0.017173553719008264 0.025148883374689825
1 0.5676776859504132 0.32496898263027296 0.0576694214876033 0.041997518610421836
1 0.6470826446280992 0.3570967741935484 0.07433057851239669 0.0541439205955335
2 0.16072727272727272 0.40297766749379654 0.027239669421487603 0.03176178660049628
2 0.2082892561983471 0.4060669975186105 0.026495867768595045 0.045384615384615384
2 0.08771900826446281 0.45458436724565754 0.029983471074380166 0.04316377171215881
1 0.8214793388429752 0.5091129032258065 0.12560330578512396 0.08274193548387096