1 0.6622479338842976 0.1888151364764268 0.02862809917355372 0.02031017369727047
3 0.2433305785123967 0.20337468982630275 0.0800495867768595 0.05935483870967742
1 0.5790413223140496 0.25128411910669973 0.05725619834710744 0.04599255583126551
1 0.13072727272727272 0.251575682382134 0.07633057851239669 0.03913151364764268
1 0.3092809917355372 0.2529776674937965 0.06649586776859504 0.049379652605459054
2 0.4563388429752066 0.2713771712158809 0.023421487603305785 0.03903225806451613
2 0.15102479338842975 0.30540322580645163 0.024363636363636365 0.03264267990074442
3 0.7702396694214876 0.33291563275434244 0.11568595041322313 0.12240694789081885
2 0.10176033057851239 0.3425124069478908 0.028314049586776857 0.039863523573201
2 0.17288429752066115 0.3903163771712159 0.03171900826446281 0.06599255583126551
2 0.030991735537190084 0.45453473945409434 0.045454545454545456 0.057952853598014886
2 0.04166942148760331 0.554968982630273 0.05358677685950414 0.0751985111662531
1 0.8215289256198347 0.7097394540942927 0.27115702479338843 0.22096774193548385