1 0.6803223140495869 0.16999173553719008 0.05816528925619834 0.055685950413223134
2 0.7937685950413224 0.16974380165289255 0.027206611570247934 0.04196694214876033
2 0.5958677685950413 0.1817272727272727 0.021487603305785124 0.03948760330578512
2 0.5535702479338843 0.20703305785123965 0.029454545454545455 0.053735537190082644
2 0.7615041322314049 0.22907438016528925 0.035404958677685956 0.0647603305785124
2 0.4588595041322314 0.23453719008264465 0.03507438016528926 0.0723801652892562
1 0.5014132231404959 0.2665123966942149 0.09704132231404959 0.0900495867768595
2 0.2566859504132231 0.31855371900826446 0.037338842975206614 0.051983471074380165
2 0.62699173553719 0.31869421487603306 0.03084297520661157 0.048958677685950414
2 0.3294628099173553 0.36090082644628096 0.05066115702479339 0.08378512396694214
2 0.7865454545454545 0.40348760330578515 0.04912396694214876 0.0730909090909091
2 0.6519834710743801 0.408694214876033 0.0312396694214876 0.06036363636363637
2 0.5777355371900826 0.4328429752066116 0.04142148760330578 0.08221487603305785
2 0.43324793388429755 0.4582892561983471 0.043355371900826445 0.08021487603305785
2 0.7105206611570248 0.4628181818181818 0.042528925619834713 0.08266115702479339
2 0.11412396694214877 0.4955867768595041 0.07287603305785124 0.09530578512396694
1 0.21060330578512398 0.5826694214876033 0.2129421487603306 0.21327272727272728
2 0.37641322314049586 0.6428347107438017 0.06522314049586778 0.11542148760330578
2 0.6317438016528926 0.6593223140495867 0.06348760330578512 0.11203305785123967
1 0.7601239669421488 0.07677685950413224 0.03595041322314049 0.021322314049586778
2 0.7134214876033058 0.10965289256198348 0.018578512396694214 0.03748760330578512
2 0.5111735537190083 0.14286776859504133 0.024 0.02788429752066116