1 0.8250338541666667 0.2166435185185185 0.030276041666666666 0.025879629629629627
1 0.7019895833333333 0.22705555555555557 0.03314583333333333 0.0467037037037037
1 0.9385755208333334 0.248462962962963 0.049026041666666666 0.0672962962962963
2 0.6706848958333332 0.2825787037037037 0.022619791666666667 0.05034259259259259
2 0.7027109374999999 0.33213425925925927 0.02938020833333333 0.06612037037037037
1 0.8152057291666667 0.33571296296296294 0.06999479166666665 0.07512962962962963
2 0.6148359375 0.3592268518518519 0.023421874999999998 0.06845370370370371
1 0.6838854166666667 0.44010648148148146 0.10735416666666667 0.14873148148148146
1 0.8040911458333333 0.458125 0.09047395833333334 0.17180555555555557
1 0.5071692708333333 0.4854444444444444 0.16225520833333332 0.22644444444444445
2 0.688390625 0.6125509259259259 0.047614583333333335 0.10473148148148148