2 0.8581404958677685 0.46818858560794047 0.04685950413223141 0.03563275434243176
0 0.4921322314049587 0.4918300248138958 0.4255867768595042 0.19954094292803973
2 0.9048347107438016 0.5115694789081886 0.06090909090909091 0.06284119106699752
2 0.7517933884297521 0.5135421836228288 0.062264462809917355 0.06182382133995037
2 0.6492644628099173 0.5848759305210919 0.08861157024793388 0.06305210918114144
2 0.9596611570247935 0.6073759305210918 0.06808264462809917 0.05842431761786601
2 0.06541322314049587 0.6689019851116625 0.1275206611570248 0.08470223325062035
2 0.7707107438016528 0.684968982630273 0.13646280991735538 0.09202233250620348
1 0.3478347107438016 0.722952853598015 0.5171570247933884 0.29205955334987593
2 0.8844297520661157 0.9122952853598014 0.12919008264462808 0.1124317617866005
2 0.6720743801652893 0.9469789081885855 0.15076033057851237 0.10487593052109181