1 0.868685950413223 0.2049441687344913 0.11753719008264463 0.07490074441687344
2 0.9218016528925621 0.230787841191067 0.03533884297520661 0.049665012406947893
2 0.9867768595041322 0.3362282878411911 0.023140495867768594 0.06699751861042183
2 0.7940578512396693 0.3551302729528536 0.05753719008264463 0.07254342431761786
2 0.15620661157024793 0.36150124069478906 0.08431404958677685 0.06295285359801489
2 0.5682066115702479 0.3811042183622829 0.07856198347107438 0.05997518610421837
2 0.9521404958677685 0.433045905707196 0.06295867768595041 0.08693548387096774
2 0.7296115702479339 0.4439950372208437 0.04765289256198347 0.07161290322580645
2 0.7775785123966942 0.5047828784119107 0.07747107438016529 0.08897022332506203
2 0.8516280991735538 0.6190260545905707 0.09333884297520662 0.1189454094292804
0 0.43309917355371896 0.6319044665012407 0.522396694214876 0.4623200992555831
2 0.04233884297520661 0.6394168734491316 0.08137190082644627 0.11258064516129032
2 0.784297520661157 0.9317617866004962 0.1140495867768595 0.13647642679900746