1 0.6492892561983471 0.1339454094292804 0.03907438016528926 0.032158808933002485
2 0.5115702479338843 0.15576302729528535 0.01818181818181818 0.028647642679900744
1 0.77399173553719 0.21120967741935487 0.050462809917355377 0.04028535980148883
1 0.6536859504132232 0.23277295285359803 0.07761983471074381 0.05363523573200992
3 0.8525619834710743 0.25016749379652603 0.12165289256198346 0.12068238213399503
2 0.5381983471074381 0.25465260545905705 0.02846280991735537 0.042803970223325064
2 0.1521900826446281 0.2937406947890819 0.03330578512396694 0.04405707196029776
2 0.2273719008264463 0.2948449131513648 0.03490909090909091 0.03882133995037221
2 0.15780165289256198 0.4007196029776675 0.054446280991735534 0.08183622828784118
2 0.08227272727272728 0.4078660049627792 0.05545454545454545 0.08372208436724567
2 0.15874380165289254 0.4200496277915633 0.04310743801652892 0.05846153846153846
2 0.19557024793388428 0.5015632754342432 0.0704793388429752 0.06764267990074442
2 0.3336033057851239 0.5284181141439206 0.062247933884297516 0.09653846153846155
2 0.2613884297520661 0.578424317617866 0.05996694214876033 0.07496277915632754
1 0.6581322314049587 0.06859801488833747 0.020396694214876034 0.018089330024813895
1 0.6340082644628099 0.07193548387096775 0.018429752066115704 0.017320099255583126
3 0.273198347107438 0.12274813895781637 0.06044628099173554 0.0569106699751861