1 0.829694214876033 0.21633374689826304 0.026330578512396695 0.013312655086848636
1 0.816702479338843 0.24923076923076923 0.033404958677685954 0.01955334987593052
2 0.6802066115702479 0.28416873449131513 0.014958677685950415 0.024913151364764265
2 0.5459586776859504 0.2965942928039702 0.014231404958677685 0.01998759305210918
1 0.3927272727272727 0.3199131513647643 0.10115702479338844 0.03933002481389578
2 0.44286776859504134 0.3582320099255583 0.022925619834710743 0.03904466501240695
2 0.2213884297520661 0.40469602977667496 0.02955371900826446 0.04512406947890819
1 0.9277520661157024 0.4318362282878412 0.1265785123966942 0.1167741935483871
2 0.2933719008264463 0.4340694789081886 0.04790082644628099 0.04928039702233251
2 0.6864958677685951 0.48270471464019854 0.040760330578512395 0.04481389578163771
1 0.2232892561983471 0.5328287841191067 0.14244628099173554 0.09295285359801489
2 0.5784132231404958 0.7015198511166253 0.049388429752066115 0.07549627791563275