1 0.6236033057851239 0.3463585607940447 0.02737190082644628 0.020260545905707195
3 0.292099173553719 0.3598511166253102 0.04204958677685951 0.037320099255583127
1 0.5664793388429753 0.3941439205955335 0.03874380165289256 0.028982630272952854
3 0.6818099173553719 0.4096401985111663 0.09419834710743802 0.11208436724565757
2 0.4628347107438016 0.4239454094292804 0.019884297520661155 0.026550868486352356
2 0.22130578512396692 0.43944789081885854 0.026082644628099172 0.03770471464019851
2 0.3078760330578512 0.444075682382134 0.02071074380165289 0.03455334987593052
2 0.2789917355371901 0.4677791563275434 0.02905785123966942 0.04473945409429281
1 0.5929834710743802 0.516817617866005 0.08844628099173553 0.06837468982630272
2 0.22906611570247934 0.5214330024813896 0.03168595041322314 0.035421836228287845
2 0.049661157024793394 0.5786042183622829 0.04312396694214876 0.03810173697270471
2 0.005231404958677686 0.5792059553349875 0.010462809917355372 0.03682382133995037
3 0.05614876033057851 0.6869230769230769 0.10899173553719008 0.1753349875930521