2 0.1972809917355372 0.14153225806451614 0.027619834710743803 0.0423697270471464
2 0.43646280991735537 0.15522332506203473 0.029950413223140498 0.047419354838709675
1 0.0836694214876033 0.1816563275434243 0.12105785123966942 0.09780397022332506
2 0.18490082644628097 0.23253722084367248 0.05905785123966942 0.06805210918114143
2 0.5959338842975207 0.31232009925558313 0.04476033057851239 0.07625310173697271
3 0.342603305785124 0.3311042183622829 0.19925619834710742 0.26022332506203477
2 0.4645041322314049 0.33399503722084367 0.05628099173553718 0.084863523573201
2 0.5374462809917355 0.38683002481389583 0.06332231404958678 0.07390818858560794
2 0.6947355371900826 0.38694789081885855 0.07046280991735537 0.05677419354838709
1 0.7537272727272727 0.5112965260545906 0.27109090909090905 0.2037344913151365
2 0.05326446280991736 0.5523200992555831 0.09000000000000001 0.1096029776674938
1 0.14223140495867767 0.058473945409429275 0.059669421487603305 0.04498759305210918
1 0.34229752066115704 0.6435483870967742 0.30112396694214877 0.31439205955334987
1 0.3456611570247934 0.07452853598014889 0.07975206611570249 0.05724565756823821
2 0.21247933884297523 0.08197270471464019 0.02165289256198347 0.03739454094292804
2 0.1082314049586777 0.10258064516129033 0.02803305785123967 0.04387096774193548
2 0.04031404958677686 0.10436724565756825 0.031041322314049588 0.04
1 0.309297520661157 0.12190446650124069 0.07975206611570249 0.05770471464019851