1 0.09741322314049587 0.18425558312655085 0.0592892561983471 0.04593052109181142
1 0.08449586776859505 0.23674317617866006 0.07312396694214876 0.051650124069478914
2 0.22206611570247933 0.30879032258064515 0.04082644628099173 0.06423076923076923
1 0.09952066115702479 0.3229776674937965 0.12300826446280992 0.10501240694789082
2 0.3755206611570248 0.393560794044665 0.04029752066115702 0.050148883374689826
1 0.05829752066115703 0.4461786600496278 0.11659504132231406 0.11568238213399504
2 0.24502479338842978 0.4544789081885856 0.05699173553719008 0.07769230769230769
2 0.32064462809917355 0.4996464019851116 0.06608264462809917 0.07621588089330025
2 0.1247190082644628 0.7115074441687346 0.07423140495867768 0.11035980148883374
1 0.660809917355372 0.718591811414392 0.3629421487603306 0.30318858560794043
2 0.03363636363636364 0.8666377171215881 0.06727272727272728 0.15263027295285359