1 0.8241770833333334 0.21743981481481484 0.03272916666666667 0.029324074074074075
1 0.6801927083333333 0.22049537037037037 0.03642708333333333 0.044694444444444446
2 0.7292708333333333 0.24784722222222225 0.02 0.04569444444444445
2 0.78915625 0.25386574074074075 0.014770833333333334 0.029953703703703705
1 0.8243020833333333 0.25577314814814817 0.036104166666666666 0.052287037037037035
1 0.6825781249999999 0.306 0.06515625 0.08422222222222221
1 0.8172838541666666 0.33269444444444446 0.06894270833333334 0.08390740740740742
1 0.8035416666666666 0.4591018518518518 0.09041666666666666 0.1719074074074074
1 0.49564583333333334 0.5613703703703703 0.16004166666666667 0.23385185185185187
2 0.6751484375000001 0.7152638888888889 0.047171874999999995 0.11200925925925925
2 0.6002239583333334 0.716949074074074 0.06190625 0.11723148148148148
2 0.25408072916666663 0.732037037037037 0.09566145833333332 0.13814814814814813