2 0.8028264462809918 0.13241935483870967 0.02879338842975207 0.04895781637717122
1 0.9583057851239669 0.1330210918114144 0.08190082644628098 0.06753101736972705
2 0.8702892561983471 0.18066377171215883 0.048016528925619834 0.06107940446650124
2 0.9816611570247934 0.2492059553349876 0.0360495867768595 0.05424317617866005
2 0.795801652892562 0.27705334987593055 0.04449586776859504 0.052866004962779156
0 0.48343801652892565 0.3207816377171216 0.4577851239669421 0.40086848635235733
1 0.8771652892561983 0.32923697270471464 0.16755371900826446 0.14234491315136477
2 0.9511404958677687 0.7124875930521092 0.09401652892561983 0.11976426799007445
1 0.8305785123966942 0.08049007444168735 0.06446280991735537 0.04683622828784119
2 0.7025537190082645 0.09673076923076923 0.023289256198347107 0.039615384615384615
1 0.5306033057851239 0.12371588089330025 0.11244628099173554 0.053883374689826305