1 0.47892561983471077 0.013560794044665012 0.06198347107438017 0.027121588089330025
2 0.7080743801652892 0.24799627791563275 0.04424793388429752 0.06174937965260546
2 0.7760330578512397 0.2815198511166253 0.06776859504132231 0.08165012406947891
1 0.9462809917355371 0.3579404466501241 0.10413223140495868 0.1575682382133995
1 0.7384214876033058 0.039038461538461536 0.08180165289256199 0.05574441687344913
2 0.2396694214876033 0.04766749379652606 0.026446280991735537 0.03826302729528536
0 0.40637190082644625 0.48023573200992553 0.49208264462809914 0.6800744416873449
2 0.6374876033057851 0.05506823821339951 0.028694214876033058 0.04810173697270472
1 0.9527933884297521 0.6234615384615384 0.09401652892561983 0.30647642679900744
2 0.7060247933884297 0.08673697270471463 0.03353719008264463 0.061811414392059554
2 0.5399256198347107 0.11285359801488835 0.048446280991735535 0.04456575682382134