1 0.48852892561983474 0.18693548387096776 0.0580495867768595 0.05377171215880894
1 0.39790909090909093 0.19832506203473946 0.058628099173553716 0.05669975186104219
1 0.3638429752066116 0.21917493796526055 0.05330578512396694 0.03884615384615384
3 0.6199669421487604 0.22647642679900742 0.09943801652892562 0.0658560794044665
3 0.49954545454545457 0.23728287841191067 0.07016528925619835 0.05272952853598015
1 0.7095702479338843 0.34651364764267995 0.10674380165289256 0.04290322580645161
1 0.5769090909090908 0.38701612903225807 0.15877685950413223 0.11646401985111664
2 0.3881074380165289 0.3883746898263027 0.04894214876033058 0.05962779156327544
1 0.2577603305785124 0.40774813895781636 0.161801652892562 0.12070719602977668
2 0.4945950413223141 0.47807071960297765 0.056958677685950414 0.06780397022332506
1 0.8170909090909091 0.4985483870967742 0.2325289256198347 0.18568238213399504
2 0.030578512396694214 0.56575682382134 0.06115702479338843 0.12406947890818859
2 0.02171900826446281 0.5908250620347394 0.04343801652892562 0.09976426799007444
1 0.2047933884297521 0.5941004962779156 0.29057851239669424 0.23782878411910668
2 0.7846859504132232 0.7692245657568239 0.12804958677685951 0.16872208436724567
2 0.38264462809917354 0.892196029776675 0.12727272727272726 0.1590818858560794