1 0.7839752066115703 0.37740074441687343 0.03737190082644628 0.022791563275434246
1 0.8398099173553719 0.3858684863523573 0.039950413223140496 0.0298014888337469
1 0.9191157024793389 0.38815136476426804 0.03657851239669421 0.02444168734491315
1 0.7859752066115703 0.44096153846153846 0.07112396694214876 0.05810173697270471
0 0.5831652892561984 0.44546526054590574 0.14484297520661157 0.11425558312655087
3 0.9641900826446281 0.4585421836228288 0.07052892561983472 0.09326302729528536
2 0.8786363636363637 0.4665322580645161 0.021735537190082647 0.04224565756823821
2 0.4687190082644628 0.48066377171215885 0.03165289256198347 0.04073200992555831
2 0.6445206611570248 0.5089516129032258 0.03284297520661157 0.052642679900744414
2 0.8230578512396695 0.513591811414392 0.036198347107438016 0.05944168734491315
2 0.7145289256198347 0.567909429280397 0.034016528925619835 0.04648883374689826
1 0.5582479338842975 0.6098387096774193 0.18095867768595042 0.14523573200992557
2 0.95700826446281 0.7126116625310174 0.05947107438016529 0.0778287841191067