1 0.7031404958677686 0.12761166253101738 0.0343801652892562 0.026935483870967742
1 0.6539586776859504 0.13919975186104216 0.041801652892561984 0.03274193548387097
1 0.6803719008264463 0.1526985111662531 0.05495867768595041 0.034925558312655085
2 0.5410661157024794 0.2163771712158809 0.02428099173553719 0.04317617866004962
1 0.8919999999999999 0.2700496277915633 0.10135537190082644 0.05870967741935484
2 0.2797107438016529 0.2817617866004963 0.04041322314049587 0.059801488833746905
1 0.8004049586776859 0.3615260545905707 0.13304132231404958 0.08533498759305211
2 0.1672479338842975 0.3850124069478908 0.053504132231404954 0.057866004962779154
2 0.23119834710743803 0.4536166253101737 0.06570247933884298 0.06604218362282878
2 0.6588264462809917 0.4626799007444169 0.061454545454545456 0.061836228287841195
2 0.06047107438016529 0.6495781637717121 0.0746611570247934 0.09320099255583127
1 0.6314545454545454 0.06758684863523573 0.023239669421487603 0.018548387096774192
3 0.27661157024793387 0.11491935483870967 0.06066115702479339 0.05614143920595534
2 0.520305785123967 0.12289081885856079 0.012512396694214877 0.022456575682382136