2 0.8179244791666667 0.9283703703703704 0.006682291666666667 0.0011851851851851852
2 0.38361718749999996 0.11486111111111111 0.030776041666666667 0.0537962962962963
2 0.2581171875 0.14558333333333331 0.025609375 0.08005555555555555
2 0.4404661458333334 0.15129166666666669 0.03509895833333333 0.05258333333333333
2 0.48099739583333334 0.2602777777777778 0.03386979166666667 0.07796296296296297
2 0.5096328125 0.3292407407407407 0.03384895833333333 0.05662962962962963
1 0.27903125 0.0379537037037037 0.036187500000000004 0.048129629629629626
2 0.5920286458333333 0.3953055555555556 0.044473958333333334 0.07764814814814815
2 0.6478098958333334 0.5152962962962963 0.05916145833333333 0.10651851851851853
2 0.8144479166666667 0.6962268518518518 0.0830625 0.1609722222222222
1 0.6869375000000001 0.7172546296296296 0.2634583333333333 0.39932407407407405