2 0.7338264462809917 0.22837190082644626 0.03294214876033058 0.05013223140495868
2 0.6561404958677686 0.24383471074380167 0.03624793388429752 0.07444628099173553
2 0.46126446280991734 0.24408264462809914 0.02996694214876033 0.04849586776859504
2 0.5894710743801653 0.24884297520661158 0.03844628099173554 0.05140495867768595
2 0.32392561983471074 0.26169421487603306 0.03628099173553719 0.057272727272727274
2 0.39185950413223136 0.3348595041322314 0.043223140495867764 0.0647603305785124
1 0.6144380165289256 0.36205785123966944 0.12143801652892562 0.13899173553719008
2 0.2054876033057851 0.3798429752066116 0.050644628099173555 0.07208264462809917
2 0.732702479338843 0.45472727272727276 0.04722314049586777 0.07639669421487603
2 0.8533305785123967 0.46848760330578515 0.050462809917355377 0.08738842975206611
2 0.43728925619834713 0.5534710743801653 0.06135537190082644 0.09537190082644628
1 0.6652148760330578 0.06755371900826446 0.044479338842975204 0.045851239669421485
2 0.685297520661157 0.6874214876033058 0.06480991735537191 0.1219504132231405
1 0.7476528925619834 0.07280165289256199 0.04737190082644628 0.053041322314049594
2 0.3912479338842975 0.7567107438016529 0.0816694214876033 0.16135537190082647
1 0.10826446280991736 0.8314049586776859 0.21652892561983472 0.3338842975206612
2 0.7639338842975206 0.15403305785123966 0.027041322314049585 0.0535206611570248