1 0.7214583333333333 0.2997222222222222 0.04604166666666667 0.0938888888888889
2 0.6035104166666667 0.30874999999999997 0.023687499999999997 0.06935185185185186
2 0.5753880208333333 0.3099074074074074 0.019526041666666667 0.0587037037037037
1 0.06491145833333332 0.3203425925925926 0.12669791666666666 0.23142592592592592
1 0.1775859375 0.3222361111111111 0.127046875 0.1500277777777778
2 0.38306510416666667 0.3360925925925926 0.055713541666666665 0.10551851851851851
1 0.49141145833333333 0.3478888888888889 0.12240625000000001 0.15688888888888888
2 0.29912760416666667 0.35414351851851855 0.055546875 0.12495370370370369
2 0.6711979166666667 0.3968287037037037 0.02364583333333333 0.05106481481481481
1 0.8041223958333333 0.4438518518518519 0.08741145833333334 0.16733333333333333
2 0.3899973958333333 0.6790277777777778 0.08624479166666667 0.26916666666666667