1 0.6167851239669421 0.12772332506203474 0.033570247933884294 0.02467741935483871
3 0.21715702479338841 0.14771091811414394 0.06737190082644627 0.04976426799007444
2 0.4565206611570248 0.1556017369727047 0.013867768595041323 0.020880893300248136
1 0.6648842975206611 0.16076923076923078 0.04051239669421488 0.031215880893300248
1 0.598595041322314 0.18180521091811414 0.05008264462809917 0.041029776674937964
2 0.2792644628099174 0.20896401985111665 0.022991735537190083 0.03579404466501241
2 0.47902479338842974 0.22555831265508686 0.022512396694214874 0.039205955334987594
2 0.21300826446280993 0.24014267990074442 0.019404958677685952 0.031153846153846153
2 0.25645454545454544 0.26924317617866006 0.030264462809917354 0.037245657568238215
2 0.07576859504132231 0.3402605459057072 0.0391404958677686 0.04528535980148883
1 0.793801652892562 0.38870347394540944 0.15289256198347106 0.1248014888337469
2 0.07611570247933884 0.598802729528536 0.06958677685950414 0.08346153846153846
2 0.8057107438016529 0.7099565756823821 0.08414876033057851 0.10725806451612904
1 0.5587272727272726 0.09671215880893301 0.023239669421487603 0.022208436724565756