2 0.3566446280991736 0.17063636363636364 0.03560330578512397 0.05366942148760331
2 0.27406611570247935 0.018330578512396695 0.019206611570247934 0.03335537190082644
2 0.42766942148760334 0.19457851239669421 0.03219834710743802 0.05857851239669421
2 0.024793388429752067 0.19504132231404958 0.049586776859504134 0.07933884297520662
1 0.35744628099173553 0.020768595041322314 0.05704132231404958 0.03823140495867768
2 0.2531570247933884 0.24323140495867768 0.04019834710743802 0.0732396694214876
2 0.654809917355372 0.3037355371900826 0.04350413223140496 0.0752396694214876
2 0.3672809917355372 0.31569421487603305 0.04695867768595041 0.07601652892561984
2 0.45677685950413227 0.3855454545454545 0.05074380165289256 0.08679338842975207
2 0.05241322314049587 0.5820826446280991 0.08499173553719008 0.15590082644628098
1 0.6916363636363636 0.5914958677685951 0.2493884297520661 0.33340495867768594
2 0.39197520661157026 0.6185785123966943 0.05667768595041322 0.11980165289256199
2 0.21939669421487606 0.6407933884297521 0.06854545454545455 0.12125619834710744
2 0.4619090909090909 0.7397851239669422 0.07423140495867768 0.13411570247933885
2 0.1339586776859504 0.0926198347107438 0.033206611570247936 0.053008264462809915
2 0.16796694214876035 0.9480578512396695 0.13428099173553718 0.10107438016528926
2 0.1366776859504132 0.10314049586776859 0.025421487603305787 0.0343801652892562
1 0.5197107438016529 0.10749586776859503 0.08735537190082644 0.08606611570247934
1 0.22461983471074382 0.11706611570247934 0.10543801652892562 0.10851239669421489
2 0.3062396694214876 0.11842975206611571 0.03396694214876033 0.08148760330578513
2 0.5929090909090908 0.1459090909090909 0.02879338842975207 0.0471900826446281