1 0.5811900826446281 0.1332133995037221 0.02849586776859504 0.02076923076923077
1 0.48819008264462815 0.1331575682382134 0.027619834710743803 0.018176178660049627
1 0.671099173553719 0.15166873449131515 0.03310743801652893 0.02790322580645161
1 0.5205289256198348 0.16955334987593051 0.03940495867768595 0.023970223325062035
2 0.3721404958677686 0.18555210918114146 0.017008264462809917 0.028672456575682383
1 0.31486776859504134 0.1871091811414392 0.047917355371900824 0.026823821339950375
2 0.47365289256198345 0.1937282878411911 0.015074380165289255 0.022692307692307692
2 0.3085454545454545 0.24723945409429282 0.022049586776859503 0.035421836228287845
2 0.26226446280991733 0.25779776674937965 0.025355371900826446 0.041650124069478905
3 0.7789173553719009 0.2790880893300248 0.13965289256198346 0.12641439205955335
2 0.11699173553719008 0.3083560794044665 0.02571900826446281 0.04847394540942928
2 0.2184297520661157 0.3286104218362283 0.03685950413223141 0.05424317617866005
2 0.04771074380165289 0.42515508684863523 0.0656694214876033 0.07363523573200993
2 0.03 0.6110856079404466 0.06 0.1154714640198511
1 0.6265537190082645 0.110272952853598 0.020049586776859505 0.01955334987593052
3 0.6898099173553719 0.11244416873449131 0.02424793388429752 0.023895781637717124