2 0.746305785123967 0.36688429752066115 0.018231404958677686 0.03294214876033058
0 0.8303305785123968 0.3672231404958678 0.10363636363636364 0.10965289256198348
1 0.9415206611570248 0.3959173553719008 0.061553719008264465 0.061256198347107445
2 0.562396694214876 0.48041322314049584 0.04049586776859504 0.05504132231404958
1 0.679611570247934 0.4983719008264463 0.12947107438016528 0.11409917355371901
2 0.8476115702479338 0.5267851239669421 0.03241322314049587 0.042
2 0.5307107438016528 0.5825785123966942 0.0432396694214876 0.061024793388429754
2 0.9540247933884297 0.5919586776859505 0.043586776859504135 0.06325619834710744
2 0.40712396694214875 0.6060909090909091 0.06383471074380165 0.0683801652892562
1 0.8119917355371901 0.6297272727272728 0.15621487603305786 0.1883801652892562
2 0.6147107438016528 0.6303636363636363 0.05917355371900826 0.07725619834710744
1 0.585 0.797206611570248 0.20801652892561984 0.2621818181818182
2 0.20330578512396694 0.9272727272727272 0.10578512396694215 0.14214876033057852