1 0.6592809917355372 0.14745657568238213 0.03261157024793389 0.02196029776674938
3 0.22254545454545452 0.15504962779156328 0.07484297520661157 0.056997518610421835
1 0.5780826446280992 0.16432382133995035 0.042115702479338844 0.03336228287841191
2 0.3174876033057851 0.19152605459057073 0.02009917355371901 0.030694789081885856
2 0.24878512396694213 0.21218362282878414 0.02153719008264463 0.034789081885856075
2 0.29117355371900827 0.22185483870967743 0.023669421487603308 0.029317617866004963
1 0.6624876033057852 0.25965260545905705 0.07538842975206611 0.06272952853598016
2 0.15137190082644628 0.27668734491315133 0.028363636363636365 0.03476426799007444
1 0.8471652892561983 0.3075620347394541 0.10424793388429753 0.0617741935483871
2 0.5650413223140496 0.3933498759305211 0.03917355371900826 0.04724565756823821
2 0.18682644628099174 0.39720843672456574 0.049685950413223136 0.05248138957816377
2 0.6687685950413224 0.4241439205955335 0.04828099173553719 0.056724565756823817
2 0.06616528925619834 0.46280397022332503 0.05299173553719009 0.06952853598014888
1 0.2242892561983471 0.49284119106699753 0.15105785123966942 0.11967741935483871
2 0.8171239669421488 0.5037965260545906 0.07061157024793388 0.0721091811414392
2 0.8197107438016529 0.6932754342431762 0.06917355371900827 0.10119106699751862
2 0.21637190082644628 0.7305769230769231 0.06580165289256198 0.10631513647642679
2 0.12082644628099172 0.8673449131513649 0.08628099173553719 0.12923076923076923
2 0.2541404958677686 0.867847394540943 0.11158677685950415 0.14760545905707195
2 0.026454545454545453 0.8740570719602978 0.052909090909090906 0.14265508684863523
1 0.5644380165289257 0.10619106699751861 0.0280495867768595 0.0213151364764268