1 0.7411536458333334 0.16781481481481483 0.019807291666666667 0.02637037037037037
1 0.8250729166666667 0.24498148148148147 0.034520833333333334 0.043666666666666666
2 0.7840807291666666 0.25039351851851854 0.01816145833333333 0.028564814814814817
1 0.7303229166666667 0.26588888888888884 0.050229166666666665 0.07437037037037036
1 0.8142760416666667 0.27893981481481483 0.046260416666666665 0.037509259259259256
1 0.8127317708333333 0.3211296296296296 0.058796875 0.06448148148148149
2 0.6337135416666667 0.3224074074074074 0.021593750000000002 0.05592592592592593
2 0.6531119791666666 0.3309768518518518 0.021848958333333335 0.06010185185185185
1 0.8028671875000001 0.44352314814814814 0.08906770833333333 0.14630555555555555
2 0.6421536458333333 0.5069398148148149 0.04159895833333334 0.07499074074074073
2 0.6902760416666667 0.5379999999999999 0.04201041666666667 0.08155555555555555
1 0.7653411458333333 0.6542037037037036 0.1338072916666667 0.28988888888888886