1 0.7418567708333333 0.16868981481481482 0.020171875 0.02997222222222222
1 0.6955859375000001 0.20080092592592594 0.041171875 0.04789814814814815
1 0.8230755208333334 0.20975 0.030526041666666667 0.025055555555555553
1 0.6789531249999999 0.21990277777777778 0.03498958333333334 0.04350925925925926
1 0.8245312499999999 0.2558472222222222 0.036562500000000005 0.05243518518518519
2 0.7158619791666666 0.27331944444444445 0.017140625 0.05034259259259259
2 0.6661302083333334 0.28675 0.016635416666666666 0.04942592592592593
1 0.817359375 0.3323935185185185 0.06805208333333333 0.08330555555555555
1 0.5939401041666666 0.4310555555555556 0.11808854166666666 0.17877777777777779
1 0.8026458333333333 0.46743055555555557 0.08966666666666666 0.15893518518518518
2 0.4313984375 0.5486435185185184 0.059671875 0.10654629629629629
2 0.35992447916666664 0.6461250000000001 0.060473958333333334 0.12002777777777777
2 0.24353645833333334 0.7322685185185185 0.07248958333333334 0.14416666666666667
1 0.21067708333333332 0.8921296296296296 0.2953125 0.21388888888888888