2 0.3090578512396694 0.17937190082644627 0.036297520661157025 0.06452892561983471
2 0.2255702479338843 0.18520661157024793 0.04122314049586777 0.06958677685950414
2 0.030256198347107438 0.20998347107438015 0.05059504132231405 0.07947107438016529
2 0.11807438016528926 0.23549586776859502 0.04441322314049587 0.07429752066115702
2 0.4458595041322314 0.23744628099173554 0.04874380165289256 0.08811570247933885
1 0.5810909090909091 0.2712479338842975 0.14069421487603306 0.16894214876033056
2 0.337801652892562 0.2884132231404959 0.04089256198347107 0.07765289256198346
2 0.1560330578512397 0.3415206611570248 0.05090909090909091 0.08800000000000001
2 0.3688264462809917 0.36168595041322316 0.04674380165289256 0.0886611570247934
2 0.28340495867768595 0.41749586776859504 0.057719008264462815 0.0911900826446281
2 0.45202479338842977 0.42609090909090913 0.05115702479338843 0.09185123966942149
2 0.1374793388429752 0.48370247933884297 0.07 0.11120661157024793
2 0.3769834710743801 0.5870578512396695 0.059752066115702475 0.11957024793388431
1 0.6792892561983471 0.6325702479338843 0.25444628099173555 0.3659669421487603
2 0.3511652892561984 0.09253719008264463 0.027950413223140496 0.04623140495867768
2 0.5473305785123966 0.10985123966942151 0.03350413223140496 0.07094214876033059