1 0.7357933884297521 0.2800496277915633 0.02034710743801653 0.016674937965260546
1 0.7526776859504132 0.31151985111662533 0.03428099173553719 0.029987593052109185
2 0.6221735537190083 0.32967121588089326 0.011289256198347107 0.016662531017369725
3 0.3414462809917355 0.3390260545905707 0.06801652892561984 0.05770471464019851
1 0.4678429752066116 0.34801488833746896 0.0464297520661157 0.031017369727047148
2 0.6005702479338844 0.34921836228287845 0.014363636363636363 0.02349875930521092
1 0.7527685950413223 0.35653225806451616 0.0443801652892562 0.028200992555831268
1 0.4274214876033057 0.3787965260545906 0.044925619834710745 0.0330272952853598
2 0.32836363636363636 0.4563399503722084 0.025322314049586778 0.03923076923076923
2 0.21522314049586777 0.47896401985111664 0.023834710743801654 0.05222084367245658
2 0.28506611570247936 0.4799069478908189 0.027983471074380165 0.044181141439205956
1 0.8821570247933885 0.5339454094292804 0.11803305785123966 0.0852605459057072
2 0.0635702479338843 0.6070719602977668 0.04780165289256199 0.06277915632754343