1 0.5180743801652893 0.3493238213399504 0.05763636363636363 0.048523573200992556
1 0.7248842975206612 0.35028535980148884 0.05472727272727273 0.047965260545905705
1 0.5846446280991735 0.36200992555831263 0.05523966942148761 0.044119106699751866
1 0.7652314049586777 0.37988833746898265 0.07591735537190082 0.05754342431761787
2 0.36980991735537194 0.39200992555831266 0.025570247933884297 0.0396029776674938
1 0.5097190082644628 0.39611662531017366 0.08720661157024794 0.052779156327543424
2 0.6341157024793388 0.4019044665012407 0.028561983471074383 0.03457816377171216
1 0.4030082644628099 0.522909429280397 0.12502479338842976 0.05574441687344913
2 0.7155619834710744 0.5728225806451612 0.04930578512396694 0.06375930521091812
2 0.25392561983471074 0.5838523573200992 0.05495867768595041 0.06100496277915633
2 0.8513223140495867 0.6177667493796526 0.0662809917355372 0.09161290322580645
1 0.07049586776859504 0.6201116625310173 0.14099173553719008 0.12359801488833748
2 0.9733636363636363 0.6387531017369728 0.052512396694214876 0.08643920595533498
2 0.8158677685950414 0.7089267990074442 0.07471074380165289 0.10023573200992557
1 0.16558677685950415 0.8007444168734491 0.3311735537190083 0.3880893300248139
1 0.5743801652892562 0.8138957816377171 0.36198347107438017 0.369727047146402
2 0.930909090909091 0.8971588089330025 0.09652892561983471 0.11441687344913151