1 0.8060234375 0.2972361111111111 0.06933854166666667 0.09632407407407408
1 0.2789036458333333 0.30432870370370374 0.11197395833333333 0.11606481481481482
1 0.06529166666666666 0.31539351851851855 0.12745833333333334 0.21041666666666667
1 0.1764791666666667 0.3220462962962963 0.13316666666666668 0.1477962962962963
2 0.556640625 0.3279722222222222 0.023697916666666666 0.08557407407407408
2 0.5954375 0.38725000000000004 0.03358333333333333 0.09301851851851851
2 0.26996614583333334 0.3877175925925926 0.059723958333333334 0.12173148148148148
2 0.3982005208333333 0.39234722222222224 0.048484375 0.11247222222222222
2 0.6571666666666667 0.4071388888888889 0.023708333333333335 0.05501851851851852
1 0.8101223958333333 0.4275 0.08066145833333334 0.1401851851851852
2 0.7081796874999999 0.45694444444444443 0.035109375 0.08796296296296297
2 0.5657526041666666 0.5085879629629629 0.057546875 0.13199074074074074