2 0.23152066115702477 0.18676033057851238 0.03659504132231405 0.076
2 0.3842809917355372 0.21293388429752064 0.03467768595041323 0.06223140495867768
2 0.3176528925619835 0.24752066115702478 0.03695867768595041 0.06198347107438017
1 0.5450247933884298 0.313702479338843 0.14128925619834712 0.167900826446281
1 0.10457851239669422 0.32683471074380166 0.17940495867768597 0.18424793388429753
2 0.39911570247933886 0.40148760330578515 0.047818181818181815 0.07900826446280991
2 0.7540330578512396 0.5922066115702479 0.06674380165289256 0.1133388429752066
2 0.36808264462809914 0.7391487603305785 0.0816198347107438 0.1427603305785124
1 0.6365619834710744 0.750801652892562 0.3111404958677686 0.49333884297520664
1 0.508495867768595 0.13159504132231403 0.09467768595041323 0.10451239669421487
2 0.09752066115702479 0.13219834710743802 0.03636363636363636 0.05613223140495868