2 0.3894817708333333 0.12165277777777776 0.022713541666666667 0.04886111111111111
2 0.22896093750000002 0.14550462962962965 0.022505208333333335 0.07249074074074074
2 0.28559114583333334 0.19089351851851852 0.028473958333333334 0.08919444444444444
2 0.5778619791666666 0.3235648148148148 0.022390625 0.06194444444444445
2 0.5041354166666667 0.3685787037037037 0.042645833333333334 0.10382407407407407
2 0.6059817708333333 0.3738194444444445 0.03696354166666667 0.09393518518518519
2 0.5595911458333334 0.41183333333333333 0.04730729166666667 0.11625925925925926
2 0.44741145833333335 0.44329166666666664 0.047947916666666666 0.14028703703703702
2 0.635140625 0.528037037037037 0.06403125 0.13385185185185186
2 0.6640416666666666 0.6537777777777778 0.08537499999999999 0.1945925925925926
3 0.3070703125 0.08137037037037037 0.053723958333333335 0.10533333333333333