1 0.24953719008264463 0.20124793388429751 0.11229752066115702 0.11158677685950415
3 0.4297520661157025 0.032231404958677684 0.06942148760330578 0.06446280991735537
2 0.19217355371900827 0.03414876033057851 0.01740495867768595 0.04185123966942149
2 0.6342148760330578 0.3335702479338843 0.04198347107438016 0.07540495867768594
1 0.525090909090909 0.03472727272727273 0.05514049586776859 0.06945454545454546
3 0.39837190082644625 0.42557851239669425 0.13889256198347108 0.25611570247933885
1 0.6531239669421487 0.5407851239669421 0.2153388429752066 0.3080165289256198
1 0.280396694214876 0.08971074380165289 0.0847603305785124 0.0868595041322314
1 0.5572314049586777 0.11413223140495868 0.0896694214876033 0.09933884297520662
1 0.41049586776859504 0.1295289256198347 0.08710743801652893 0.0937685950413223
2 0.15312396694214875 0.13021487603305784 0.031867768595041326 0.048859504132231404