1 0.8274322916666667 0.22191666666666668 0.03403125 0.060500000000000005
3 0.7271848958333333 0.2362824074074074 0.06791145833333333 0.12441666666666668
1 0.8210052083333333 0.3184768518518518 0.05555208333333333 0.06287962962962963
2 0.7489296875 0.3214861111111111 0.015567708333333334 0.07260185185185185
2 0.7132578125 0.3323657407407407 0.022348958333333332 0.07028703703703704
1 0.8079791666666666 0.38378703703703704 0.10241666666666666 0.07868518518518519
2 0.5722630208333332 0.40600462962962963 0.034109375 0.08052777777777778
2 0.6982864583333334 0.41179166666666667 0.025739583333333333 0.09580555555555556
2 0.6482291666666666 0.4544537037037037 0.03395833333333333 0.07372222222222223
2 0.6040286458333333 0.5171527777777778 0.035140625 0.13430555555555557
1 0.80328125 0.5279212962962962 0.1253125 0.25399074074074074
2 0.5446614583333333 0.6586388888888889 0.062239583333333334 0.17283333333333334