2 0.46265104166666665 0.19189351851851852 0.030510416666666665 0.07082407407407407
1 0.34376822916666666 0.19574537037037038 0.07399479166666666 0.13408333333333333
2 0.521484375 0.23000925925925925 0.02734375 0.0415
2 0.3150130208333334 0.2934722222222222 0.040442708333333334 0.12212962962962963
1 0.48969270833333334 0.3219444444444444 0.14292708333333334 0.17537037037037037
2 0.25642708333333336 0.3251990740740741 0.043062500000000004 0.13558333333333333
2 0.5746718749999999 0.3627824074074074 0.03892708333333333 0.09223148148148148
2 0.4298359375 0.49469907407407404 0.056546874999999996 0.17828703703703705
2 0.34365104166666666 0.5234212962962963 0.06646875000000001 0.21721296296296297
1 0.6745911458333332 0.6857962962962962 0.24293229166666666 0.35677777777777775
2 0.214453125 0.07013425925925926 0.020572916666666666 0.04582407407407407
2 0.8176640625 0.7480231481481482 0.08011979166666668 0.19419444444444445
1 0.3061171875 0.084375 0.05390104166666666 0.08541666666666667