2 0.48774380165289255 0.01721487603305785 0.023421487603305785 0.0344297520661157
2 0.31496694214876036 0.022305785123966942 0.02828099173553719 0.04130578512396694
1 0.20208264462809916 0.2170413223140496 0.16614876033057852 0.14317355371900828
2 0.8055619834710744 0.23132231404958675 0.04748760330578512 0.07586776859504132
2 0.44439669421487604 0.023900826446280995 0.029289256198347106 0.04780165289256199
2 0.6307685950413223 0.0251900826446281 0.03178512396694215 0.0503801652892562
2 0.4074462809917355 0.027570247933884295 0.031421487603305785 0.045223140495867765
2 0.029950413223140498 0.269198347107438 0.059900826446280996 0.08219834710743801
2 0.6709834710743802 0.2898512396694215 0.049404958677685955 0.08714049586776859
2 0.5309586776859504 0.02908264462809917 0.027206611570247934 0.0548595041322314
2 0.29724793388429754 0.4059173553719008 0.055652892561983476 0.0944793388429752
1 0.4297520661157025 0.775206611570248 0.3140495867768595 0.4462809917355372
2 0.2610330578512397 0.09325619834710744 0.026198347107438017 0.04766942148760331
2 0.35760330578512395 0.11000826446280992 0.03752066115702479 0.07125619834710743
2 0.6823553719008264 0.1524793388429752 0.035785123966942146 0.06694214876033058