1 0.7520963541666668 0.20399074074074075 0.032317708333333334 0.05427777777777777
1 0.823328125 0.20818981481481483 0.029989583333333333 0.027490740740740743
0 0.683828125 0.22693518518518518 0.048906250000000005 0.05942592592592593
2 0.7760078125 0.265212962962963 0.017640625 0.03783333333333333
1 0.8143125 0.2780185185185185 0.04320833333333333 0.03381481481481482
1 0.81403125 0.3314814814814815 0.06764583333333334 0.08148148148148149
1 0.8025494791666666 0.44589814814814815 0.08947395833333333 0.1640185185185185
1 0.6441276041666666 0.4616296296296296 0.13200520833333332 0.164
2 0.5398463541666667 0.4615787037037037 0.040109375 0.09908333333333334
2 0.67415625 0.6310185185185185 0.0389375 0.07685185185185185
3 0.766453125 0.651962962962963 0.13394791666666667 0.2946666666666667