1 0.2524049586776859 0.24291735537190084 0.05522314049586776 0.066
3 0.3684380165289256 0.31188429752066116 0.19472727272727272 0.22707438016528925
3 0.16075206611570247 0.314099173553719 0.1198512396694215 0.15877685950413223
2 0.07134710743801653 0.44007438016528927 0.04682644628099173 0.07684297520661157
2 0.16535537190082644 0.4600082644628099 0.04971900826446281 0.08365289256198347
2 0.3176280991735537 0.4776528925619835 0.05013223140495868 0.07596694214876033
2 0.02603305785123967 0.502404958677686 0.048760330578512395 0.07588429752066116
1 0.6240330578512397 0.5571983471074381 0.3621157024793389 0.3970413223140496
2 0.11230578512396693 0.6209752066115702 0.056016528925619834 0.09153719008264463
2 0.26094214876033056 0.6260661157024793 0.05907438016528926 0.09841322314049587
2 0.39762809917355374 0.7135454545454545 0.06798347107438017 0.10808264462809918
2 0.13519834710743803 0.8520413223140496 0.0786611570247934 0.14044628099173553
2 0.5664297520661157 0.855595041322314 0.09153719008264463 0.1673884297520661
2 0.2701404958677686 0.8734049586776859 0.08408264462809917 0.15342148760330576
2 0.44633884297520654 0.9261652892561985 0.11251239669421487 0.14654545454545453
1 0.10995867768595043 0.10827272727272727 0.03148760330578512 0.031421487603305785
1 0.04071900826446281 0.11225619834710743 0.0483801652892562 0.03938842975206611