1 0.04564462809917355 0.12459057071960299 0.07476033057851239 0.048188585607940454
1 0.5237520661157025 0.20504342431761785 0.09213223140495869 0.06517369727047147
3 0.7736859504132231 0.26543424317617864 0.19530578512396693 0.1363275434243176
2 0.053727272727272735 0.2802667493796526 0.05125619834710744 0.05184863523573201
3 0.5839008264462809 0.2970099255583126 0.16614876033057852 0.13248138957816377
1 0.11509090909090908 0.31620967741935485 0.1442314049586777 0.10388337468982631
0 0.4934545454545455 0.03192928039702233 0.05798347107438016 0.053933002481389575
1 0.6410413223140495 0.5146153846153846 0.23745454545454545 0.22029776674937965
1 0.414504132231405 0.05719602977667494 0.042231404958677686 0.0424317617866005
2 0.33350413223140496 0.06010545905707196 0.015768595041322313 0.02095533498759305
1 0.37211570247933884 0.09542183622828784 0.053322314049586775 0.04196029776674938
1 0.47563636363636363 0.09838709677419355 0.06532231404958679 0.06526054590570719
2 0.2532479338842975 0.11506203473945409 0.023851239669421487 0.03905707196029777