1 0.7405885416666667 0.1681064814814815 0.018677083333333334 0.026953703703703702
1 0.7652265625 0.1877638888888889 0.023161458333333333 0.029231481481481483
1 0.8235911458333334 0.2195185185185185 0.033640625 0.029777777777777775
1 0.8256484374999999 0.24392592592592593 0.03463020833333333 0.03785185185185185
2 0.6686770833333333 0.305912037037037 0.021729166666666667 0.04886111111111111
1 0.8154973958333334 0.3319814814814815 0.07057812499999999 0.07692592592592593
2 0.7441119791666666 0.3337546296296296 0.023640625000000002 0.06380555555555555
2 0.5967395833333333 0.3812268518518519 0.030979166666666665 0.07171296296296296
1 0.8035104166666667 0.4558935185185185 0.08931249999999999 0.17475
2 0.5842395833333334 0.5201574074074073 0.03722916666666667 0.09031481481481482
1 0.7686197916666667 0.6546990740740741 0.13307291666666668 0.2908796296296296
2 0.201875 0.8688888888888888 0.10375 0.18592592592592594
2 0.11686458333333333 0.8994537037037037 0.08685416666666666 0.17298148148148149