1 0.7712561983471075 0.251060794044665 0.041685950413223136 0.035620347394540945
1 0.8941074380165288 0.26306451612903226 0.07251239669421487 0.05466501240694789
1 0.9080909090909091 0.31207816377171216 0.06742148760330578 0.04847394540942928
1 0.7750578512396694 0.3269044665012407 0.07904132231404959 0.040905707196029775
2 0.6008347107438017 0.33979528535980147 0.031421487603305785 0.03442928039702233
2 0.4434876033057851 0.4588213399503722 0.04069421487603306 0.046674937965260545
1 0.6876363636363636 0.46767990074441684 0.16535537190082647 0.11401985111662531
2 0.3728429752066116 0.5388399503722084 0.04816528925619835 0.06279156327543424
2 0.8058429752066116 0.6435483870967742 0.06788429752066116 0.1034739454094293
2 0.06765289256198347 0.681104218362283 0.08571900826446281 0.09173697270471463
2 0.1728099173553719 0.7060235732009925 0.08446280991735537 0.10435483870967742
2 0.9531735537190082 0.7064888337468982 0.08816528925619835 0.08791563275434243
2 0.6833388429752066 0.7570657568238214 0.09064462809917356 0.12951612903225806
1 0.3875785123966942 0.7891253101736972 0.3586280991735537 0.31274193548387097
2 0.02809917355371901 0.8064516129032258 0.05619834710743802 0.141439205955335
2 0.9661157024793389 0.8703473945409429 0.06776859504132231 0.15260545905707196