1 0.2203223140495868 0.1238213399503722 0.08692561983471075 0.07394540942928039
2 0.25692561983471074 0.14430521091811416 0.03120661157024793 0.06280397022332505
2 0.532504132231405 0.15599875930521093 0.030297520661157023 0.036563275434243175
2 0.30112396694214877 0.15740074441687343 0.030347107438016527 0.04929280397022332
2 0.1047603305785124 0.1808622828784119 0.03431404958677686 0.04906947890818858
1 0.43033884297520664 0.20738213399503722 0.09704132231404959 0.08225806451612903
2 0.03903305785123967 0.21408808933002482 0.04831404958677686 0.05844913151364764
2 0.4918181818181818 0.23071339950372208 0.05140495867768595 0.08425558312655086
1 0.7279504132231405 0.2710235732009926 0.1798677685950413 0.10780397022332507
1 0.18173553719008265 0.2877543424317618 0.10561983471074379 0.10404466501240694
0 0.3102066115702479 0.32401364764267987 0.2237190082644628 0.24107940446650125
2 0.02727272727272727 0.3436724565756824 0.05454545454545454 0.07692307692307693
2 0.6512396694214876 0.3527667493796526 0.05950413223140496 0.07774193548387097
2 0.7436528925619835 0.4090570719602978 0.0724297520661157 0.09106699751861043
0 0.4647438016528926 0.44337468982630274 0.3146115702479339 0.3234739454094293
2 0.8464876033057851 0.45432382133995036 0.07314049586776859 0.0972332506203474
2 0.0393305785123967 0.6589640198511166 0.07535537190082645 0.12437965260545905
1 0.915702479338843 0.6892059553349876 0.1652892561983471 0.2543424317617866
2 0.186900826446281 0.7699503722084368 0.09942148760330578 0.15280397022332506