1 0.4556446280991736 0.36326302729528537 0.018727272727272728 0.011885856079404466
2 0.22154545454545455 0.42292803970223325 0.013338842975206612 0.01955334987593052
2 0.1619504132231405 0.4260980148883375 0.01315702479338843 0.020930521091811417
2 0.32417355371900825 0.44471464019851115 0.013636363636363636 0.028387096774193547
2 0.1533801652892562 0.4593114143920595 0.015851239669421487 0.030285359801488835
2 0.3536776859504132 0.47270471464019853 0.019752066115702478 0.03722084367245657
1 0.7353636363636363 0.50674317617866 0.08560330578512397 0.0655955334987593
2 0.2954214876033058 0.5153163771712159 0.03877685950413223 0.03063275434243176
2 0.055338842975206616 0.5528287841191066 0.031338842975206616 0.04610421836228287
1 0.9455537190082643 0.555272952853598 0.03656198347107438 0.031141439205955336
0 0.49229752066115706 0.6225434243176179 0.2110413223140496 0.2773449131513648