1 0.7174297520661157 0.41021487603305784 0.02659504132231405 0.030347107438016527
3 0.8411404958677686 0.41874380165289254 0.04261157024793388 0.05071074380165289
1 0.6896363636363637 0.45331404958677685 0.04704132231404959 0.047123966942148765
1 0.8605702479338843 0.47360330578512394 0.05502479338842975 0.0579504132231405
2 0.8133223140495868 0.5020165289256199 0.02003305785123967 0.04535537190082645
2 0.5543801652892562 0.5306198347107438 0.024462809917355374 0.05297520661157024
2 0.8347520661157024 0.577694214876033 0.026528925619834713 0.03803305785123967
1 0.3799917355371901 0.5936115702479339 0.19138842975206613 0.1855702479338843
1 0.5100743801652893 0.6499421487603306 0.13419834710743803 0.13624793388429754
1 0.815396694214876 0.6971157024793389 0.11674380165289255 0.14464462809917356
2 0.7197685950413223 0.7927603305785124 0.05441322314049587 0.09130578512396695
1 0.16164462809917354 0.8119504132231405 0.3001487603305785 0.18588429752066116
2 0.4883471074380165 0.8643636363636364 0.06099173553719008 0.112198347107438
2 0.8155537190082645 0.865413223140496 0.05755371900826446 0.1043801652892562
2 0.6693140495867769 0.9100743801652893 0.0592892561983471 0.11105785123966942
2 0.9198347107438016 0.9760330578512396 0.08760330578512397 0.04462809917355372