2 0.6311322314049587 0.25953719008264464 0.019289256198347107 0.039735537190082645
1 0.3171570247933884 0.3284958677685951 0.10208264462809917 0.06525619834710743
2 0.5305785123966942 0.3476280991735537 0.023140495867768594 0.047322314049586776
2 0.8146446280991736 0.3569090909090909 0.025983471074380166 0.046049586776859504
2 0.7076280991735537 0.3700082644628099 0.03343801652892562 0.04910743801652893
2 0.48928925619834707 0.42107438016528925 0.03312396694214876 0.048760330578512395
2 0.2620909090909091 0.46232231404958674 0.051454545454545454 0.07836363636363636
2 0.6395289256198348 0.47061157024793393 0.036082644628099174 0.05857851239669421
2 0.8144628099173554 0.542793388429752 0.05206611570247934 0.07732231404958678
2 0.24340495867768594 0.5687768595041323 0.06697520661157025 0.09623140495867769
2 0.9424049586776859 0.5751570247933885 0.050099173553719005 0.08254545454545455
1 0.6413553719008264 0.711305785123967 0.20171900826446282 0.2920330578512397
2 0.07807438016528925 0.7582809917355372 0.08011570247933884 0.12152066115702478