1 0.7703719008264462 0.13444789081885855 0.056446280991735535 0.04060794044665012
1 0.6411983471074381 0.1588089330024814 0.06256198347107439 0.04466501240694789
2 0.2723719008264463 0.27949131513647646 0.03234710743801653 0.057741935483870965
2 0.2287520661157025 0.307227047146402 0.040975206611570246 0.05614143920595534
1 0.8713140495867768 0.3559801488833747 0.15254545454545457 0.10153846153846154
2 0.184801652892562 0.35662531017369725 0.05555371900826446 0.05568238213399504
2 0.23600826446280992 0.4300496277915633 0.06209917355371901 0.0660545905707196
2 0.13378512396694214 0.4448387096774194 0.049388429752066115 0.0658560794044665
1 0.6978842975206612 0.04882133995037221 0.02056198347107438 0.01575682382133995
2 0.07663636363636363 0.5500434243176179 0.06401652892561983 0.09016129032258065
1 0.6182479338842976 0.07107940446650124 0.02327272727272727 0.015607940446650124
1 0.708504132231405 0.07602357320099255 0.028578512396694213 0.01805210918114144
3 0.6662396694214876 0.07757444168734491 0.03330578512396694 0.02859801488833747
3 0.3079586776859504 0.09465260545905706 0.0638512396694215 0.050347394540942926
1 0.6817685950413224 0.12311414392059554 0.044528925619834715 0.03034739454094293