3 0.7318098958333333 0.21184722222222224 0.036536458333333334 0.08110185185185186
1 0.8250937500000001 0.2200925925925926 0.030395833333333334 0.04388888888888889
1 0.6798802083333333 0.22145833333333334 0.03892708333333333 0.046620370370370375
1 0.6203151041666667 0.30067592592592596 0.057296875000000004 0.07542592592592592
1 0.8214921875000001 0.3391388888888889 0.061734375 0.10235185185185186
2 0.7060963541666666 0.38562962962962966 0.030942708333333332 0.09348148148148147
2 0.6136640624999999 0.4129537037037037 0.028369791666666665 0.10183333333333333
2 0.7280989583333334 0.45926388888888886 0.025989583333333333 0.12037962962962963
2 0.6805807291666667 0.4692222222222222 0.03199479166666667 0.11807407407407407
1 0.4504921875 0.5265555555555557 0.185359375 0.20125925925925928
1 0.8029947916666667 0.5321481481481481 0.12473958333333333 0.24948148148148147
2 0.5674453125 0.606074074074074 0.06405729166666667 0.164
2 0.6717239583333333 0.6229814814814815 0.05594791666666667 0.18485185185185185
2 0.54296875 0.8861111111111111 0.08072916666666667 0.22592592592592592