1 0.7622727272727273 0.3147518610421836 0.030330578512396695 0.019081885856079405
3 0.7108760330578512 0.3196091811414392 0.03662809917355372 0.03872208436724566
1 0.7811652892561983 0.3334305210918114 0.03175206611570248 0.01921836228287841
1 0.7311735537190083 0.34861662531017373 0.03424793388429752 0.02229528535980149
1 0.6411322314049587 0.3563399503722084 0.035983471074380165 0.02533498759305211
1 0.7737355371900827 0.3692866004962779 0.040033057851239666 0.04130272952853598
3 0.8084628099173554 0.4006947890818858 0.06651239669421488 0.06689826302729529
3 0.6682727272727272 0.41 0.08034710743801653 0.07806451612903226
1 0.6018099173553719 0.47009925558312654 0.08626446280991736 0.05186104218362283
2 0.1827190082644628 0.48164392059553346 0.038165289256198345 0.045173697270471456
2 0.03762809917355372 0.5273076923076923 0.04550413223140496 0.05461538461538462
1 0.8179917355371901 0.5741191066997519 0.13515702479338843 0.10357320099255583
1 0.5456446280991736 0.7799565756823821 0.23839669421487603 0.19266749379652603