1 0.750900826446281 0.2973821339950372 0.024115702479338842 0.016600496277915634
1 0.6595454545454545 0.30549007444168735 0.026528925619834713 0.02040942928039702
3 0.7978264462809918 0.32097394540942925 0.03862809917355372 0.03897022332506204
1 0.7243140495867768 0.3380397022332506 0.040363636363636365 0.03588089330024814
1 0.7036446280991735 0.36080645161290326 0.04861157024793388 0.029305210918114145
1 0.8440413223140496 0.3689267990074442 0.05502479338842975 0.03810173697270471
1 0.7934793388429752 0.4318052109181142 0.08282644628099173 0.05715880893300248
2 0.1367603305785124 0.5010732009925558 0.038809917355371905 0.04681141439205955
2 0.015652892561983472 0.5126116625310174 0.031305785123966944 0.06740694789081886
1 0.19023140495867769 0.6044913151364765 0.16558677685950415 0.09483870967741935
1 0.36371900826446285 0.6573511166253102 0.2018181818181818 0.1434863523573201
1 0.6308099173553718 0.667468982630273 0.15748760330578512 0.11905707196029776