1 0.5523719008264463 0.1264578163771712 0.06011570247933884 0.051923076923076926
1 0.022479338842975205 0.13741315136476426 0.04165289256198347 0.039094292803970226
1 0.46409917355371894 0.15056451612903227 0.06538842975206612 0.0480272952853598
2 0.14768595041322313 0.2113275434243176 0.03752066115702479 0.05292803970223325
2 0.07955371900826447 0.23739454094292806 0.030181818181818185 0.03558312655086849
1 0.6535867768595042 0.025465260545905706 0.02122314049586777 0.013709677419354839
1 0.5956859504132231 0.02597394540942928 0.02112396694214876 0.014727047146401984
3 0.688603305785124 0.3759925558312655 0.1838181818181818 0.22096774193548385
2 0.5199669421487603 0.734832506203474 0.09117355371900826 0.08008684863523573
1 0.5579338842975207 0.07521712158808933 0.041487603305785124 0.031327543424317615
3 0.47475206611570253 0.8821153846153846 0.4833884297520661 0.2307320099255583
1 0.4196115702479339 0.09130893300248138 0.04583471074380165 0.03373449131513648
3 0.11343801652892561 0.09140198511166253 0.08472727272727272 0.06369727047146402