1 0.9087355371900826 0.13267990074441688 0.10176859504132231 0.0767741935483871
1 0.6459834710743801 0.01642059553349876 0.07543801652892562 0.030359801488833747
2 0.7537851239669422 0.21022332506203473 0.04971900826446281 0.07801488833746899
1 0.928099173553719 0.24069478908188585 0.14049586776859505 0.16129032258064516
1 0.6663801652892561 0.25808312655086846 0.15590082644628098 0.13403225806451613
1 0.5049504132231405 0.026352357320099253 0.08758677685950414 0.052704714640198505
1 0.8714297520661157 0.03264888337468983 0.07013223140495868 0.05537220843672457
1 0.12565289256198348 0.38606079404466503 0.248 0.2386228287841191
2 0.6715619834710744 0.43540322580645163 0.07370247933884298 0.101575682382134
2 0.46159504132231405 0.05537841191066998 0.033933884297520665 0.04624069478908189
2 0.7986446280991736 0.08368486352357321 0.030347107438016527 0.05074441687344913
2 0.856198347107438 0.10547146401985112 0.049586776859504134 0.05957816377171216
2 0.31989256198347105 0.10802729528535979 0.03813223140495868 0.04235732009925559
1 0.707107438016529 0.11143300248138957 0.10512396694214876 0.07646401985111663