2 0.02005785123966942 0.1539578163771712 0.0368099173553719 0.054813895781637714
1 0.3016694214876033 0.20794665012406946 0.124 0.11068238213399503
2 0.16875206611570248 0.2103411910669975 0.049900826446280994 0.055918114143920596
1 0.5006694214876033 0.25294665012406947 0.13522314049586778 0.17338709677419356
2 0.3313057851239669 0.31647642679900745 0.05765289256198348 0.07464019851116625
2 0.24734710743801655 0.3902233250620347 0.0748595041322314 0.10054590570719604
2 0.3235785123966942 0.40985732009925563 0.06533884297520662 0.10755583126550868
2 0.04425619834710744 0.4577605459057072 0.0752892561983471 0.09169975186104218
2 0.26875206611570246 0.6019727047146401 0.08461157024793388 0.10965260545905707
1 0.4713140495867768 0.6770533498759306 0.2781652892561983 0.39132754342431764
2 0.02369421487603306 0.7383498759305211 0.04738842975206612 0.1317866004962779
2 0.16822314049586778 0.829937965260546 0.14140495867768593 0.1710421836228288
1 0.19007438016528927 0.0936166253101737 0.13882644628099172 0.13760545905707194
1 0.5083553719008265 0.10709057071960297 0.09109090909090908 0.08514888337468982
2 0.41841322314049584 0.11941066997518611 0.04343801652892562 0.07008684863523573
1 0.315 0.12158188585607942 0.09446280991735537 0.07194789081885856