2 0.3883801652892562 0.23088709677419356 0.04287603305785124 0.04738213399503722
2 0.4944380165289256 0.23334367245657567 0.04342148760330578 0.052295285359801484
2 0.19576859504132232 0.3037034739454094 0.05434710743801653 0.08135235732009925
1 0.9626611570247934 0.03720843672456576 0.05424793388429752 0.034714640198511164
2 0.7374628099173554 0.03869106699751861 0.02368595041322314 0.030235732009925558
2 0.3813719008264463 0.3811166253101737 0.06522314049586778 0.06992555831265508
2 0.1436694214876033 0.4945843672456576 0.09229752066115703 0.088424317617866
2 0.5782396694214875 0.05540942928039702 0.04573553719008265 0.038858560794044664
2 0.46861983471074375 0.6427419354838709 0.08104132231404959 0.12667493796526053
2 0.1094297520661157 0.6810545905707195 0.09323966942148759 0.11893300248138958
2 0.5520743801652892 0.08158808933002482 0.019851239669421487 0.03910669975186104
2 0.45950413223140496 0.0980272952853598 0.019834710743801654 0.03476426799007444