2 0.15962809917355372 0.1430334987593052 0.038264462809917354 0.06274193548387097
2 0.16026446280991738 0.15418734491315136 0.029619834710743805 0.04038461538461538
2 0.2342231404958678 0.17146401985111662 0.03538842975206612 0.06749379652605458
1 0.5190661157024793 0.18433002481389577 0.11251239669421487 0.12548387096774194
1 0.28552892561983473 0.20926799007444172 0.11816528925619833 0.10339950372208437
2 0.4029586776859504 0.25602357320099256 0.04558677685950413 0.0653970223325062
1 0.05992561983471075 0.2934863523573201 0.11654545454545455 0.25942928039702234
1 0.243099173553719 0.3434863523573201 0.17545454545454547 0.16339950372208437
1 0.5043223140495868 0.43377791563275436 0.19211570247933885 0.2794665012406948
2 0.27589256198347106 0.5144292803970223 0.0856694214876033 0.10826302729528536
2 0.2679917355371901 0.729106699751861 0.09631404958677686 0.11578163771712158
2 0.091 0.7684863523573201 0.13241322314049586 0.13995037220843673
2 0.2715785123966942 0.080924317617866 0.030760330578512397 0.04522332506203474