1 0.13314876033057851 0.20640198511166255 0.04811570247933884 0.028188585607940447
1 0.5086198347107438 0.2690880893300248 0.0750909090909091 0.06174937965260546
2 0.36494214876033054 0.2704714640198511 0.02905785123966942 0.03970223325062035
1 0.24380991735537189 0.27622208436724566 0.0876198347107438 0.0636104218362283
2 0.1278181818181818 0.326817617866005 0.03084297520661157 0.043213399503722084
2 0.20227272727272727 0.3289019851116626 0.030991735537190084 0.05234491315136476
2 0.32780165289256197 0.3426116625310173 0.04403305785123967 0.06735732009925559
1 0.5829752066115702 0.35955955334987594 0.1147107438016529 0.08140198511166254
2 0.5005619834710744 0.3897518610421836 0.04244628099173554 0.07727047146401986
1 0.3851074380165289 0.40209057071960297 0.13219834710743802 0.11931761786600496
2 0.2347355371900826 0.4058746898263027 0.036413223140495866 0.0797394540942928
2 0.19640495867768595 0.4366191066997519 0.05231404958677686 0.076712158808933
2 0.2816776859504132 0.4562779156327543 0.05095867768595041 0.07136476426799007
2 0.09311570247933884 0.47813275434243174 0.057305785123966946 0.08777915632754342
2 0.09543801652892563 0.4933746898263028 0.042115702479338844 0.0711166253101737
1 0.6945950413223141 0.49856699751861044 0.1825785123966942 0.12120347394540942
2 0.6146694214876033 0.6592059553349876 0.05909090909090909 0.09756823821339951
1 0.365099173553719 0.7223387096774194 0.24424793388429752 0.22135235732009925
2 0.9694214876033058 0.8343672456575683 0.06115702479338843 0.1054590570719603