2 0.31822314049586775 0.14718982630272953 0.021570247933884297 0.033833746898263024
2 0.11614049586776859 0.16600496277915633 0.02071074380165289 0.03176178660049628
3 0.8352892561983472 0.29904466501240695 0.19950413223140495 0.12910669975186104
2 0.12181818181818183 0.3171277915632754 0.04859504132231405 0.048647642679900745
1 0.4843388429752066 0.34607940446650126 0.12239669421487603 0.09662531017369727
3 0.5241735537190083 0.05238833746898263 0.03016528925619835 0.022890818858560792
1 0.7685537190082645 0.5784615384615385 0.25776859504132227 0.2264019851116625
1 0.4429504132231405 0.0746091811414392 0.03300826446280992 0.020186104218362283
1 0.5393553719008265 0.0902543424317618 0.03408264462809917 0.026662531017369723
2 0.2498512396694215 0.10351116625310175 0.01375206611570248 0.023399503722084367
2 0.15344628099173552 0.1206575682382134 0.015983471074380164 0.02791563275434243