2 0.9888512396694215 0.48187344913151364 0.02067768595041322 0.05307692307692308
2 0.7925454545454546 0.4827109181141439 0.05120661157024793 0.04730769230769231
2 0.9892314049586777 0.4930024813895782 0.01813223140495868 0.03315136476426799
1 0.6565206611570248 0.5675620347394541 0.2254380165289256 0.09294044665012406
2 0.7758264462809917 0.5870595533498759 0.07727272727272727 0.0649379652605459
2 0.6569338842975206 0.6625868486352356 0.09403305785123967 0.0770347394540943
2 0.7760330578512397 0.6752667493796526 0.10082644628099173 0.10239454094292805
1 0.9363636363636364 0.7574441687344913 0.12396694214876033 0.20471464019851116
2 0.074099173553719 0.7860918114143921 0.14158677685950413 0.10320099255583128
2 0.36979338842975207 0.7970843672456577 0.16107438016528927 0.1078163771712159
2 0.47867768595041327 0.8522022332506204 0.15735537190082646 0.12872208436724566
2 0.12644628099173555 0.9125310173697271 0.2462809917355372 0.17245657568238212