1 0.5526363636363637 0.13175558312655086 0.054033057851239664 0.03522332506203474
1 0.6576859504132231 0.1573697270471464 0.045950413223140495 0.041786600496277915
3 0.7221157024793389 0.17803349875930521 0.08224793388429752 0.10792803970223325
0 0.41854545454545455 0.19132754342431763 0.1627107438016529 0.12707196029776674
2 0.25942975206611574 0.21271091811414392 0.026297520661157026 0.03088089330024814
2 0.17842148760330578 0.22768610421836227 0.029570247933884297 0.03353598014888338
3 0.509396694214876 0.2356637717121588 0.09978512396694214 0.10160049627791563
1 0.6078099173553719 0.025812655086848636 0.022231404958677686 0.014404466501240694
1 0.6609338842975206 0.27758684863523575 0.10864462809917357 0.07378411910669976
3 0.6903636363636364 0.034317617866004964 0.02866115702479339 0.026451612903225806
1 0.6356198347107438 0.03603598014888338 0.024958677685950413 0.015
1 0.7125289256198347 0.047977667493796526 0.030016528925619835 0.0215136476426799
1 0.4466859504132231 0.4966997518610422 0.19915702479338843 0.1472456575682382
1 0.6019586776859505 0.05214640198511166 0.027057851239669424 0.022406947890818856
1 0.6674545454545454 0.06418734491315137 0.03573553719008265 0.02663771712158809