1 0.49661157024793384 0.1847520661157025 0.04776859504132231 0.04553719008264463
2 0.5209504132231405 0.22527272727272726 0.017107438016528927 0.037322314049586774
2 0.48654545454545456 0.22847107438016528 0.021024793388429754 0.04702479338842975
1 0.5664958677685951 0.25449586776859506 0.06522314049586778 0.07262809917355371
2 0.6464793388429753 0.2555123966942149 0.026842975206611566 0.04490909090909091
2 0.4229586776859504 0.28568595041322314 0.036000000000000004 0.045752066115702476
2 0.5264628099173554 0.3249504132231405 0.03143801652892562 0.048247933884297524
2 0.2654380165289256 0.32876859504132233 0.03170247933884297 0.049272727272727274
2 0.43844628099173555 0.35568595041322315 0.02730578512396694 0.04690909090909091
2 0.37578512396694214 0.3556115702479339 0.027603305785123967 0.05006611570247934
2 0.7388099173553719 0.38364462809917355 0.03960330578512397 0.07968595041322314
2 0.6939090909090909 0.45912396694214874 0.03905785123966942 0.07527272727272727
2 0.5545537190082644 0.5331404958677686 0.047950413223140496 0.0778512396694215
1 0.35082644628099174 0.549396694214876 0.1859504132231405 0.19631404958677684
1 0.7707355371900827 0.6909090909090909 0.19932231404958678 0.2809917355371901
3 0.6516446280991736 0.13035537190082644 0.04047933884297521 0.04914049586776859
1 0.5804132231404958 0.13911570247933883 0.03685950413223141 0.033603305785123966