1 0.7405494791666667 0.16855555555555554 0.021723958333333335 0.0297037037037037
1 0.7936796875 0.21262037037037038 0.031109374999999998 0.051166666666666666
1 0.7413880208333333 0.21799537037037037 0.030692708333333332 0.04525
1 0.8256067708333333 0.25425000000000003 0.03663020833333333 0.06035185185185186
2 0.7498411458333333 0.278875 0.014265625 0.04293518518518518
2 0.733828125 0.2985601851851852 0.016614583333333332 0.05082407407407408
1 0.8146119791666667 0.3304166666666667 0.06984895833333334 0.07935185185185185
1 0.6995078125 0.38607870370370373 0.08443229166666667 0.12030555555555557
1 0.803265625 0.44609259259259254 0.08986458333333333 0.1421851851851852
2 0.5890546874999999 0.6312777777777777 0.05415104166666666 0.08848148148148148
2 0.6560052083333333 0.6378518518518519 0.04534375 0.09792592592592593
1 0.7677135416666666 0.6522175925925926 0.13438541666666665 0.2896203703703704