1 0.27583471074380167 0.24792803970223323 0.21117355371900828 0.16334987593052108
0 0.6863801652892562 0.2928598014888337 0.31821487603305787 0.40209677419354833
2 0.11865289256198347 0.5133684863523573 0.08193388429752066 0.11854838709677419
2 0.2664793388429752 0.5540632754342432 0.09659504132231404 0.13294044665012408
1 0.8383884297520662 0.06314516129032259 0.13297520661157025 0.09155086848635237
2 0.8277520661157025 0.6701612903225806 0.11831404958677685 0.1542183622828784
2 0.6279752066115702 0.7281947890818858 0.11545454545454545 0.15614143920595533
2 0.20958677685950414 0.8451054590570719 0.11173553719008264 0.19889578163771712
2 0.4525867768595041 0.8650620347394541 0.14153719008264462 0.16188585607940445
2 0.9272727272727272 0.9106699751861043 0.14214876033057852 0.1761786600496278
0 0.6038099173553719 0.09966501240694789 0.20927272727272728 0.19933002481389578
1 0.3330330578512397 0.10470223325062035 0.12722314049586778 0.08037220843672457