2 0.6458429752066116 0.19298347107438016 0.025570247933884297 0.045471074380165295
1 0.5118760330578512 0.21226446280991737 0.07168595041322313 0.06419834710743802
2 0.4055619834710744 0.2582479338842975 0.03426446280991736 0.06029752066115702
2 0.6764545454545454 0.2597685950413223 0.02728925619834711 0.04019834710743802
2 0.45163636363636367 0.29117355371900827 0.03715702479338843 0.0864793388429752
2 0.26278512396694215 0.3459173553719008 0.0396198347107438 0.05712396694214877
2 0.13817355371900827 0.3942148760330578 0.048247933884297524 0.06115702479338843
2 0.6257768595041323 0.4144710743801653 0.04494214876033058 0.07522314049586777
2 0.17903305785123966 0.4511239669421488 0.05723966942148761 0.07910743801652892
1 0.8231487603305785 0.45523966942148764 0.15208264462809917 0.19312396694214876
2 0.4906528925619835 0.47931404958677687 0.055685950413223134 0.08259504132231404
1 0.2755289256198347 0.5446115702479339 0.2370082644628099 0.24955371900826445
1 0.671396694214876 0.08451239669421488 0.030396694214876036 0.030181818181818185
1 0.5854710743801652 0.12964462809917357 0.04697520661157025 0.04110743801652893
2 0.6793140495867769 0.1470578512396694 0.016479338842975207 0.04287603305785124