1 0.7166694214876033 0.39340495867768593 0.025074380165289255 0.029785123966942148
3 0.8331487603305785 0.3933057851239669 0.03985123966942149 0.05272727272727273
1 0.6929504132231405 0.43474380165289256 0.040446280991735535 0.039735537190082645
1 0.8505950413223141 0.45005785123966946 0.05160330578512397 0.05383471074380165
2 0.5743223140495868 0.4925206611570248 0.021371900826446282 0.03628099173553719
1 0.4371322314049587 0.5381157024793388 0.153603305785124 0.1506115702479339
1 0.5437851239669421 0.5868099173553719 0.10905785123966943 0.1058512396694215
1 0.8064710743801653 0.629702479338843 0.09558677685950413 0.10899173553719008
2 0.7254793388429752 0.668099173553719 0.03938842975206611 0.06677685950413223
2 0.5868760330578513 0.6938181818181818 0.03986776859504133 0.06862809917355372
1 0.29713223140495865 0.7225289256198347 0.2537685950413223 0.2219173553719008
2 0.6904462809917356 0.7398512396694215 0.04204958677685951 0.0780495867768595
2 0.8088347107438016 0.751198347107438 0.044115702479338846 0.07099173553719008
1 0.9523057851239669 0.7588429752066116 0.09304132231404959 0.16231404958677687
2 0.8618595041322313 0.8383388429752066 0.05429752066115703 0.10312396694214876
2 0.49775206611570244 0.9096611570247934 0.06327272727272727 0.10692561983471074