1 0.7416328125 0.16877314814814814 0.020765625 0.028287037037037038
1 0.8223880208333333 0.2085138888888889 0.029151041666666665 0.024435185185185185
1 0.8228619791666667 0.21864351851851851 0.031140624999999998 0.02987962962962963
1 0.8145494791666666 0.2788472222222222 0.05097395833333333 0.04102777777777778
1 0.7444921875 0.28004166666666663 0.057734375 0.08600925925925926
1 0.8146875 0.33251851851851855 0.07 0.07244444444444444
1 0.6938411458333333 0.39613425925925927 0.086640625 0.12375
1 0.8032994791666667 0.44267129629629626 0.08993229166666666 0.15200925925925926
2 0.5451848958333334 0.451625 0.042453125 0.1069537037037037
2 0.6877395833333334 0.5555925925925925 0.04422916666666667 0.11488888888888889
1 0.7683463541666666 0.6523240740740741 0.13356770833333334 0.29724074074074075