1 0.6907768595041323 0.13376550868486353 0.022876033057851238 0.016910669975186105
1 0.7212479338842975 0.1383622828784119 0.021008264462809918 0.01617866004962779
1 0.5781900826446281 0.15491315136476427 0.029107438016528923 0.017022332506203476
1 0.3941322314049587 0.17936104218362284 0.037851239669421485 0.021253101736972705
3 0.6730743801652892 0.18034739454094295 0.05689256198347108 0.053002481389578165
3 0.25755371900826446 0.18602357320099255 0.07213223140495868 0.05939205955334987
2 0.31058677685950414 0.2115942928039702 0.022826446280991737 0.028647642679900744
2 0.27542148760330576 0.24531637717121588 0.021917355371900826 0.03901985111662531
2 0.12988429752066116 0.32699131513647645 0.028363636363636365 0.038598014888337466
2 0.4283305785123967 0.34307071960297764 0.033520661157024796 0.03849875930521092
2 0.23021487603305785 0.35258064516129034 0.0372892561983471 0.0426302729528536
2 0.019495867768595042 0.40728908188585605 0.03568595041322314 0.05279156327543424
1 0.90599173553719 0.43471464019851114 0.14917355371900826 0.0927543424317618