1 0.6531818181818182 0.13898883374689827 0.02371900826446281 0.014950372208436726
1 0.40564462809917357 0.151333746898263 0.027818181818181815 0.02475186104218362
1 0.5753471074380165 0.15503722084367247 0.03333884297520662 0.02471464019851117
3 0.22110743801652893 0.1687903225806452 0.06535537190082645 0.059665012406947895
2 0.3352396694214876 0.1946836228287841 0.015933884297520663 0.022121588089330024
2 0.2995123966942149 0.19490694789081886 0.013900826446280991 0.025049627791563278
1 0.6606363636363637 0.2005397022332506 0.05185123966942149 0.0363151364764268
1 0.6970661157024793 0.2379156327543424 0.061900826446281 0.041588089330024815
2 0.5449834710743802 0.30926178660049625 0.03211570247933884 0.05276674937965261
1 0.8634214876033058 0.31745037220843675 0.09709090909090909 0.05673697270471464
1 0.27950413223140497 0.3247704714640198 0.08297520661157025 0.06393300248138958
2 0.5304876033057851 0.39159429280397023 0.03948760330578512 0.04869727047146402
2 0.046165289256198346 0.39526674937965256 0.042743801652892564 0.05107940446650124
2 0.6470743801652893 0.4059367245657568 0.04456198347107438 0.0525682382133995
2 0.22772727272727275 0.43800248138957815 0.042231404958677686 0.07451612903225807
2 0.15917355371900826 0.4512531017369727 0.05388429752066116 0.05635235732009926
2 0.12454545454545454 0.5632320099255583 0.04743801652892562 0.08179900744416874
2 0.607694214876033 0.5828908188585608 0.05836363636363637 0.0764516129032258
2 0.02632231404958678 0.6010545905707196 0.05264462809917356 0.09044665012406948
2 0.19601652892561985 0.6304838709677419 0.0647603305785124 0.07982630272952854
2 0.8427768595041322 0.7071277915632755 0.07894214876033058 0.09663771712158808
1 0.5666280991735537 0.11466501240694789 0.025818181818181817 0.020893300248138957
1 0.6293223140495868 0.12178660049627792 0.018975206611570247 0.012803970223325063