1 0.8083802083333332 0.2949398148148148 0.06363541666666667 0.09728703703703703
1 0.27918229166666664 0.30987037037037035 0.11878125 0.13085185185185186
1 0.0648046875 0.3141851851851852 0.126484375 0.20059259259259257
1 0.17738020833333332 0.3217361111111111 0.12767708333333333 0.14902777777777776
2 0.5415390625000001 0.34464351851851854 0.03516145833333333 0.08187962962962964
2 0.46603125 0.34580092592592593 0.04039583333333333 0.10641666666666667
2 0.37815364583333333 0.351125 0.044848958333333334 0.0948425925925926
2 0.6929088541666667 0.41927777777777775 0.02540104166666667 0.05892592592592592
1 0.8120885416666667 0.42076851851851854 0.08355208333333333 0.1470925925925926
2 0.035731770833333336 0.43583796296296295 0.067296875 0.19389814814814815
2 0.5971796875000001 0.47299537037037037 0.03706770833333333 0.08302777777777778
2 0.482953125 0.47894907407407405 0.05861458333333334 0.12826851851851853
2 0.5024791666666667 0.7338981481481481 0.07162500000000001 0.19742592592592592
2 0.1208828125 0.7763055555555555 0.10947395833333333 0.1877962962962963