1 0.760404958677686 0.32223966942148763 0.05634710743801653 0.04943801652892562
1 0.3469090909090909 0.38944628099173556 0.10208264462809917 0.05823140495867768
2 0.7791157024793388 0.43202479338842975 0.02434710743801653 0.050826446280991734
0 0.5694297520661157 0.4352644628099173 0.18348760330578512 0.21598347107438015
2 0.8266694214876033 0.4575289256198347 0.0368099173553719 0.06877685950413223
2 0.7062231404958678 0.4866694214876033 0.037239669421487605 0.06755371900826446
2 0.31044628099173555 0.503504132231405 0.032462809917355374 0.04502479338842975
2 0.36691735537190084 0.5276198347107438 0.0396198347107438 0.06350413223140496
2 0.8858512396694216 0.5376942148760331 0.03947107438016529 0.07042975206611571
2 0.7157355371900826 0.6255785123966943 0.046347107438016524 0.08090909090909092
2 0.32533057851239666 0.7312231404958678 0.06553719008264462 0.09715702479338843
2 0.7043801652892562 0.7416859504132232 0.05338842975206611 0.09824793388429752
1 0.9305785123966942 0.759504132231405 0.13553719008264462 0.2859504132231405
2 0.08492561983471074 0.7885537190082644 0.07398347107438016 0.10933884297520662
2 0.4420413223140496 0.9219834710743801 0.08408264462809917 0.15140495867768594