1 0.8267520661157025 0.42512396694214877 0.03366942148760331 0.02710743801652892
1 0.9847355371900827 0.43025619834710743 0.02897520661157025 0.03406611570247934
2 0.8790165289256198 0.46973553719008265 0.015884297520661155 0.033685950413223135
2 0.9106776859504133 0.5007603305785123 0.023008264462809916 0.042842975206611573
0 0.7824793388429752 0.5127272727272727 0.13355371900826446 0.14942148760330579
2 0.6076694214876033 0.5507603305785124 0.025256198347107437 0.040363636363636365
2 0.9754380165289256 0.5557685950413224 0.030214876033057853 0.05699173553719008
1 0.923900826446281 0.5929338842975207 0.08912396694214876 0.09165289256198347
2 0.5196528925619834 0.6285537190082644 0.04095867768595041 0.06702479338842975
2 0.8005041322314049 0.6390826446280992 0.040677685950413225 0.08477685950413223
2 0.39675206611570246 0.6713305785123966 0.04309090909090909 0.0732396694214876
2 0.4195702479338843 0.7046198347107439 0.05566942148760331 0.07700826446280992
2 0.6837438016528926 0.706801652892562 0.04186776859504132 0.07145454545454545
2 0.9456611570247934 0.7120165289256198 0.04338842975206612 0.08188429752066116
2 0.2631570247933884 0.7653471074380166 0.08003305785123967 0.09928925619834711
1 0.4693884297520661 0.7779752066115703 0.23133884297520663 0.2237190082644628
2 0.606 0.8679338842975207 0.06489256198347107 0.10611570247933885
1 0.6826446280991736 0.9140495867768595 0.26776859504132233 0.171900826446281