1 0.7410130208333333 0.16902314814814814 0.019526041666666667 0.028787037037037038
1 0.6795234375 0.2185740740740741 0.03613020833333334 0.0427037037037037
1 0.8246354166666666 0.24466203703703704 0.0315625 0.03376851851851852
1 0.7036510416666667 0.2634768518518519 0.05001041666666666 0.08621296296296296
2 0.7760078125 0.2723935185185185 0.017640625 0.04849074074074074
1 0.64009375 0.27793981481481483 0.05102083333333333 0.06699074074074074
1 0.8179557291666666 0.3204814814814815 0.07028645833333333 0.07614814814814815
2 0.7370625000000001 0.33572685185185186 0.025166666666666667 0.07700925925925926
1 0.8034921875 0.461087962962963 0.088234375 0.16662037037037036
2 0.7243229166666667 0.5291898148148148 0.036145833333333335 0.10282407407407407
2 0.6002526041666666 0.5750416666666667 0.04633854166666666 0.12971296296296297