0 0.3438347107438017 0.19042183622828782 0.10254545454545455 0.10292803970223324
2 0.39636363636363636 0.25416253101736974 0.03239669421487604 0.044305210918114145
2 0.02648760330578512 0.2591625310173697 0.0331404958677686 0.03693548387096774
1 0.6248842975206612 0.2653039702233251 0.08943801652892562 0.06410669975186105
2 0.34000826446280996 0.3080583126550869 0.04861157024793388 0.05284119106699752
1 0.4957024793388429 0.31602357320099256 0.1252892561983471 0.10847394540942928
1 0.21303305785123966 0.3221588089330024 0.12193388429752065 0.08600496277915631
2 0.06692561983471075 0.363287841191067 0.05120661157024793 0.06652605459057072
2 0.6905950413223141 0.3647394540942928 0.05226446280991736 0.08679900744416873
1 0.5441239669421487 0.38124069478908185 0.15601652892561985 0.12476426799007445
2 0.11988429752066115 0.43727667493796524 0.07447933884297521 0.10532258064516128
2 0.11611570247933885 0.45690446650124067 0.05702479338842975 0.07758064516129032
1 0.27097520661157026 0.5010235732009926 0.22459504132231403 0.14844913151364764
1 0.5748181818181818 0.5119975186104219 0.2207107438016529 0.17535980148883376
2 0.8416528925619835 0.5396464019851116 0.07008264462809917 0.08425558312655086
2 0.12534710743801655 0.6093114143920596 0.08209917355371901 0.12929280397022333
1 0.7873305785123966 0.6621029776674937 0.28540495867768595 0.18772952853598016
2 0.45515702479338843 0.6699317617866005 0.09378512396694215 0.12646401985111663
2 0.2312479338842975 0.6857009925558312 0.08894214876033059 0.12326302729528535
2 0.0364297520661157 0.7122394540942929 0.0728595041322314 0.126712158808933
1 0.5859669421487603 0.7815074441687345 0.3256528925619835 0.29998759305210915
1 0.9629421487603307 0.834894540942928 0.07133884297520661 0.3025434243176179
3 0.41424793388429754 0.09320719602977667 0.061553719008264465 0.06482630272952854