1 0.6283223140495867 0.4404156327543425 0.04011570247933884 0.032196029776674934
1 0.3168595041322314 0.4496650124069479 0.04859504132231405 0.03332506203473945
1 0.40173553719008265 0.4588957816377171 0.053057851239669426 0.04186104218362283
1 0.7705206611570248 0.46113523573200993 0.04682644628099173 0.03641439205955335
1 0.8089752066115703 0.4706761786600496 0.06753719008264462 0.04308933002481389
1 0.2631570247933884 0.5197208436724565 0.08003305785123967 0.05433002481389578
1 0.9589421487603306 0.5375372208436725 0.07986776859504133 0.05770471464019851
2 0.8094958677685951 0.5428535980148884 0.025603305785123966 0.031116625310173694
2 0.8769834710743802 0.6045657568238213 0.041570247933884294 0.052803970223325065
1 0.3693388429752066 0.6180707196029777 0.10066115702479339 0.07733250620347394
1 0.7084710743801653 0.6438089330024813 0.1409090909090909 0.09903225806451613
2 0.9900826446280991 0.6538461538461539 0.019834710743801654 0.05459057071960298