2 0.9118512396694214 0.12983870967741937 0.025355371900826446 0.041315136476426796
2 0.9583471074380164 0.14998759305210918 0.03570247933884298 0.03694789081885856
2 0.8511735537190084 0.211439205955335 0.04945454545454546 0.07300248138957817
2 0.9317768595041322 0.25163771712158806 0.04537190082644628 0.06406947890818859
2 0.7796528925619834 0.25798387096774195 0.04525619834710744 0.06435483870967741
2 0.8939008264462809 0.2628287841191067 0.045652892561983474 0.08397022332506204
2 0.8501157024793389 0.37767369727047145 0.06386776859504133 0.08040942928039703
2 0.9299586776859504 0.41865384615384615 0.0615702479338843 0.08048387096774194
0 0.3917933884297521 0.4817617866004963 0.6216033057851239 0.4349875930521092
1 0.9286363636363637 0.07700372208436725 0.11512396694214877 0.05971464019851117
1 0.6032809917355372 0.8107754342431762 0.3768099173553719 0.27167493796526054