1 0.8251484375 0.24400925925925923 0.031546875 0.03801851851851852
1 0.8132239583333334 0.27793055555555557 0.045197916666666664 0.037342592592592594
2 0.6662604166666667 0.3115277777777778 0.018979166666666665 0.07490740740740741
2 0.6920364583333334 0.32425925925925925 0.02365625 0.05962962962962964
1 0.8150859374999999 0.3317083333333333 0.06975520833333333 0.07823148148148147
2 0.5394557291666667 0.4205925925925926 0.04141145833333334 0.10414814814814816
2 0.5860625 0.4388842592592593 0.035666666666666666 0.09813888888888889
2 0.7135182291666666 0.44189351851851855 0.028078125 0.07267592592592592
1 0.8026041666666667 0.44536574074074076 0.08958333333333333 0.14628703703703705
1 0.7665078125 0.6547037037037038 0.133015625 0.28903703703703704
2 0.43894791666666666 0.7281018518518518 0.07997916666666667 0.1636111111111111
2 0.5701770833333334 0.899449074074074 0.07160416666666666 0.1544537037037037