1 0.5853801652892562 0.1303411910669975 0.046793388429752066 0.03735732009925558
1 0.36360330578512395 0.14142679900744418 0.052826446280991736 0.03719602977667494
2 0.33507438016528923 0.1640136476426799 0.025520661157024793 0.04018610421836229
1 0.6067107438016529 0.17042803970223327 0.06631404958677685 0.050533498759305205
0 0.45561157024793386 0.17414392059553352 0.10461157024793388 0.11751861042183623
1 0.06871900826446281 0.19485111662531018 0.11760330578512397 0.05471464019851117
2 0.21106611570247932 0.20593672456575685 0.032049586776859505 0.03718362282878412
2 0.28649586776859504 0.22792183622828782 0.037454545454545456 0.05385856079404466
2 0.0541404958677686 0.2624565756823821 0.03885950413223141 0.06089330024813896
1 0.6427190082644628 0.2627605459057072 0.09535537190082645 0.08135235732009925
2 0.552297520661157 0.2691377171215881 0.030214876033057853 0.04944168734491315
2 0.40757851239669424 0.28010545905707196 0.04160330578512397 0.058970223325062035
2 0.34045454545454545 0.2825558312655087 0.032975206611570246 0.044019851116625305
1 0.1271487603305785 0.2826488833746898 0.14851239669421487 0.08390818858560793
2 0.284 0.32736352357320103 0.04568595041322314 0.05919354838709678
2 0.1877520661157025 0.33070719602977666 0.05153719008264463 0.06588089330024814
1 0.4760082644628099 0.33782258064516124 0.12887603305785122 0.13222084367245657
2 0.6455123966942149 0.3859305210918114 0.04474380165289256 0.059702233250620344
2 0.13432231404958678 0.4300744416873449 0.050462809917355377 0.06610421836228288
2 0.7851404958677686 0.5506885856079404 0.06614876033057852 0.08648883374689825
1 0.5784462809917355 0.5791997518610421 0.20482644628099173 0.25269230769230766
2 0.22610743801652894 0.5980583126550868 0.06543801652892563 0.08693548387096774
1 0.5152148760330578 0.08516129032258064 0.03538842975206612 0.026401985111662533
1 0.5733388429752067 0.09331885856079405 0.0392396694214876 0.025347394540942928
2 0.5504132231404959 0.9224565756823822 0.14214876033057852 0.15260545905707196