1 0.16634710743801653 0.13630272952853598 0.06823140495867769 0.051761786600496275
1 0.39820661157024795 0.14753722084367243 0.0856694214876033 0.06182382133995037
2 0.03544628099173554 0.1524503722084367 0.027917355371900827 0.03939205955334987
2 0.30911570247933884 0.15232630272952855 0.026495867768595045 0.041625310173697264
2 0.24955371900826445 0.17942928039702233 0.029685950413223142 0.03875930521091811
2 0.02452892561983471 0.20649503722084367 0.03583471074380165 0.0482258064516129
1 0.3505454545454545 0.21312655086848636 0.09613223140495868 0.07885856079404467
2 0.2517851239669422 0.26095533498759305 0.040760330578512395 0.07029776674937965
2 0.5234793388429752 0.30676799007444167 0.04530578512396694 0.06514888337468983
1 0.06365289256198346 0.32291563275434243 0.124 0.13218362282878413
2 0.2684297520661157 0.36516129032258066 0.06413223140495868 0.08516129032258064
2 0.6225371900826446 0.40613523573200994 0.0715206611570248 0.08274193548387096
2 0.7838842975206611 0.4321712158808933 0.06363636363636363 0.07277915632754342
2 0.7245371900826447 0.509423076923077 0.06395041322314049 0.09825062034739454
3 0.3927520661157025 0.5481079404466501 0.3193884297520661 0.413833746898263
2 0.8377603305785124 0.559832506203474 0.07552066115702478 0.1022952853598015
2 0.6247603305785124 0.5838337468982631 0.07927272727272727 0.11803970223325062
2 0.9462809917355371 0.6538461538461539 0.10413223140495868 0.1315136476426799
2 0.6965289256198347 0.73962158808933 0.11041322314049587 0.1392928039702233
1 0.9090909090909091 0.8213399503722084 0.17851239669421487 0.21339950372208435
2 0.37782644628099177 0.10187344913151365 0.021768595041322315 0.02508684863523573