2 0.5450743801652892 0.20993176178660047 0.03229752066115702 0.04269230769230769
1 0.43228099173553713 0.26563895781637714 0.10092561983471075 0.07718362282878412
2 0.9820991735537189 0.2763709677419355 0.0336198347107438 0.046538461538461535
1 0.8393471074380165 0.2833498759305211 0.1051404958677686 0.09027295285359802
0 0.651793388429752 0.2865384615384615 0.18292561983471076 0.16364764267990076
1 0.3556198347107438 0.39399503722084367 0.1790082644628099 0.1428287841191067
0 0.6613471074380165 0.47681141439205954 0.27145454545454545 0.3481637717121588
2 0.1867107438016529 0.6078784119106699 0.07259504132231405 0.106575682382134
2 0.29259504132231406 0.6600124069478909 0.08601652892561984 0.11655086848635235
2 0.7129338842975207 0.8273387096774194 0.09694214876033058 0.1385483870967742
2 0.5371239669421487 0.8572766749379653 0.0924297520661157 0.1289454094292804
2 0.19049586776859503 0.9189019851116625 0.1 0.1603846153846154
2 0.37272727272727274 0.9441687344913151 0.11735537190082644 0.11166253101736973